    0.46020E+00
    0.48157E+00
    0.48444E+00
    0.48736E+00
    0.45857E+00
    0.46205E+00
    0.42782E+00
    0.40676E+00
    0.39245E+00
    0.36852E+00
    0.35733E+00
    0.32987E+00
    0.32819E+00
    0.33675E+00
    0.34248E+00
    0.33938E+00
    0.35760E+00
    0.37549E+00
    0.37892E+00
    0.38007E+00
    0.35067E+00
    0.33025E+00
    0.32173E+00
    0.30072E+00
    0.29034E+00
    0.28234E+00
    0.32015E+00
    0.34774E+00
    0.34523E+00
    0.34649E+00
    0.36069E+00
    0.37769E+00
    0.36035E+00
    0.34262E+00
    0.36217E+00
    0.39532E+00
    0.40912E+00
    0.40464E+00
    0.40927E+00
    0.40511E+00
    0.40169E+00
    0.39157E+00
    0.41654E+00
    0.42521E+00
    0.42632E+00
    0.44145E+00
    0.43707E+00
    0.44078E+00
    0.42515E+00
    0.43438E+00
    0.42289E+00
    0.40696E+00
    0.38365E+00
    0.40816E+00
    0.43881E+00
    0.42780E+00
    0.42697E+00
    0.44329E+00
    0.44925E+00
    0.44712E+00
    0.45468E+00
    0.44950E+00
    0.41751E+00
    0.37851E+00
    0.36056E+00
    0.37228E+00
    0.38545E+00
    0.41827E+00
    0.44501E+00
    0.46677E+00
    0.50732E+00
    0.53776E+00
    0.54731E+00
    0.54547E+00
    0.54680E+00
    0.53928E+00
    0.54647E+00
    0.52111E+00
    0.50856E+00
    0.48469E+00
    0.41635E+00
    0.39114E+00
    0.40076E+00
    0.40891E+00
    0.42377E+00
    0.43582E+00
    0.44087E+00
    0.47237E+00
    0.45816E+00
    0.42629E+00
    0.42438E+00
    0.41513E+00
    0.38004E+00
    0.35542E+00
    0.36599E+00
    0.37218E+00
    0.39960E+00
    0.40817E+00
    0.43116E+00
    0.44273E+00
    0.44640E+00
    0.43424E+00
    0.42194E+00
    0.39166E+00
    0.38989E+00
    0.37804E+00
    0.37660E+00
    0.37884E+00
    0.42005E+00
    0.42642E+00
    0.43574E+00
    0.42335E+00
    0.38861E+00
    0.36443E+00
    0.39671E+00
    0.39925E+00
    0.42580E+00
    0.44794E+00
    0.44879E+00
    0.45668E+00
    0.43552E+00
    0.39882E+00
    0.36465E+00
    0.35145E+00
    0.35715E+00
    0.37116E+00
    0.38077E+00
    0.41512E+00
    0.44533E+00
    0.46047E+00
    0.42750E+00
    0.40913E+00
    0.39376E+00
    0.39994E+00
    0.37800E+00
    0.36545E+00
    0.40240E+00
    0.41446E+00
    0.41748E+00
    0.40763E+00
    0.42334E+00
    0.41907E+00
    0.41916E+00
    0.42575E+00
    0.43887E+00
    0.48692E+00
    0.49463E+00
    0.52414E+00
    0.56100E+00
    0.57200E+00
    0.55761E+00
    0.54310E+00
    0.52422E+00
    0.49201E+00
    0.46239E+00
    0.43238E+00
    0.40246E+00
    0.36885E+00
    0.36006E+00
    0.36561E+00
    0.39230E+00
    0.42450E+00
    0.45841E+00
    0.47107E+00
    0.46320E+00
    0.44724E+00
    0.41800E+00
    0.39130E+00
    0.35905E+00
    0.33585E+00
    0.32450E+00
    0.31660E+00
    0.31097E+00
    0.30062E+00
    0.32955E+00
    0.35743E+00
    0.39282E+00
    0.42817E+00
    0.45729E+00
    0.47922E+00
    0.49855E+00
    0.51586E+00
    0.53605E+00
    0.55250E+00
    0.55291E+00
    0.55864E+00
    0.60279E+00
    0.58565E+00
    0.54344E+00
    0.51848E+00
    0.48923E+00
    0.46235E+00
    0.44836E+00
    0.43562E+00
    0.42202E+00
    0.42249E+00
    0.42144E+00
    0.43352E+00
    0.45662E+00
    0.47122E+00
    0.49501E+00
    0.51579E+00
    0.53788E+00
    0.54549E+00
    0.52607E+00
    0.51260E+00
    0.48754E+00
    0.46777E+00
    0.43444E+00
    0.41388E+00
    0.39643E+00
    0.37587E+00
    0.36862E+00
    0.36821E+00
    0.37015E+00
    0.37115E+00
    0.37006E+00
    0.37044E+00
    0.37815E+00
    0.40117E+00
    0.42805E+00
    0.43322E+00
    0.45892E+00
    0.46226E+00
    0.49676E+00
    0.53263E+00
    0.54147E+00
    0.55811E+00
    0.53898E+00
    0.54881E+00
    0.53242E+00
    0.54159E+00
    0.54486E+00
    0.56504E+00
    0.55494E+00
    0.55135E+00
    0.55408E+00
    0.54137E+00
    0.51979E+00
    0.50903E+00
    0.49759E+00
    0.48794E+00
    0.49422E+00
    0.46280E+00
    0.45161E+00
    0.44853E+00
    0.45889E+00
    0.48979E+00
    0.51577E+00
    0.53930E+00
    0.54403E+00
    0.54878E+00
    0.53610E+00
    0.52732E+00
    0.49457E+00
    0.41399E+00
    0.37471E+00
    0.35816E+00
    0.35443E+00
    0.35353E+00
    0.38280E+00
    0.40999E+00
    0.41607E+00
    0.41805E+00
    0.44105E+00
    0.43575E+00
    0.45439E+00
    0.45543E+00
    0.46647E+00
    0.46358E+00
    0.47374E+00
    0.47459E+00
    0.46809E+00
    0.47868E+00
    0.47676E+00
    0.47451E+00
    0.46622E+00
    0.46596E+00
    0.46285E+00
    0.43358E+00
    0.44399E+00
    0.45390E+00
    0.46161E+00
    0.48298E+00
    0.49648E+00
    0.51282E+00
    0.54035E+00
    0.60700E+00
    0.61006E+00
    0.61848E+00
    0.61163E+00
    0.66434E+00
    0.64206E+00
    0.65014E+00
    0.61399E+00
    0.55614E+00
    0.53130E+00
    0.50002E+00
    0.49731E+00
    0.49492E+00
    0.48444E+00
    0.47272E+00
    0.45625E+00
    0.44309E+00
    0.42233E+00
    0.42186E+00
    0.40893E+00
    0.39597E+00
    0.36744E+00
    0.34146E+00
    0.34258E+00
    0.33300E+00
    0.34789E+00
    0.36453E+00
    0.39454E+00
    0.42351E+00
    0.45691E+00
    0.47993E+00
    0.48889E+00
    0.49509E+00
    0.48859E+00
    0.46370E+00
    0.44733E+00
    0.42159E+00
    0.40942E+00
    0.39720E+00
    0.40997E+00
    0.42774E+00
    0.43175E+00
    0.44789E+00
    0.46876E+00
    0.49184E+00
    0.49744E+00
    0.50387E+00
    0.51701E+00
    0.52232E+00
    0.53546E+00
    0.52253E+00
    0.50682E+00
    0.48473E+00
    0.46202E+00
    0.46377E+00
    0.44980E+00
    0.44505E+00
    0.44140E+00
    0.44524E+00
    0.45290E+00
    0.45776E+00
    0.44698E+00
    0.44779E+00
    0.46158E+00
    0.48961E+00
    0.51675E+00
    0.53856E+00
    0.56021E+00
    0.58877E+00
    0.57797E+00
    0.55252E+00
    0.51159E+00
    0.50414E+00
    0.48923E+00
    0.47378E+00
    0.48622E+00
    0.48741E+00
    0.49606E+00
    0.50587E+00
    0.48988E+00
    0.47766E+00
    0.45615E+00
    0.42839E+00
    0.41741E+00
    0.40372E+00
    0.38645E+00
    0.38447E+00
    0.38311E+00
    0.39049E+00
    0.40206E+00
    0.41255E+00
    0.42055E+00
    0.43147E+00
    0.44648E+00
    0.45582E+00
    0.45775E+00
    0.45584E+00
    0.44652E+00
    0.44685E+00
    0.44177E+00
    0.43732E+00
    0.40644E+00
    0.39755E+00
    0.38845E+00
    0.39314E+00
    0.41148E+00
    0.37919E+00
    0.37846E+00
    0.36665E+00
    0.38014E+00
    0.37482E+00
    0.37127E+00
    0.36340E+00
    0.34796E+00
    0.35059E+00
    0.34837E+00
    0.33061E+00
    0.33938E+00
    0.35549E+00
    0.36955E+00
    0.37811E+00
    0.38147E+00
    0.38102E+00
    0.36933E+00
    0.35734E+00
    0.34911E+00
    0.35452E+00
    0.36820E+00
    0.36331E+00
    0.35972E+00
    0.37332E+00
    0.40181E+00
    0.40942E+00
    0.41087E+00
    0.42821E+00
    0.43252E+00
    0.43251E+00
    0.42307E+00
    0.41260E+00
    0.40519E+00
    0.39764E+00
    0.38490E+00
    0.39927E+00
    0.40282E+00
    0.40284E+00
    0.39494E+00
    0.37462E+00
    0.38001E+00
    0.36311E+00
    0.38214E+00
    0.38170E+00
    0.39911E+00
    0.41359E+00
    0.40316E+00
    0.38427E+00
    0.38006E+00
    0.36499E+00
    0.34398E+00
    0.31685E+00
    0.29385E+00
    0.26733E+00
    0.26873E+00
    0.27024E+00
    0.28987E+00
    0.31769E+00
    0.32651E+00
    0.32852E+00
    0.33005E+00
    0.34011E+00
    0.35069E+00
    0.36256E+00
    0.35289E+00
    0.33672E+00
    0.32197E+00
    0.31185E+00
    0.29577E+00
    0.28717E+00
    0.26365E+00
    0.25893E+00
    0.25790E+00
    0.25857E+00
    0.25895E+00
    0.26760E+00
    0.27336E+00
    0.27440E+00
    0.26741E+00
    0.27448E+00
    0.27694E+00
    0.27606E+00
    0.28804E+00
    0.30951E+00
    0.28846E+00
    0.28589E+00
    0.29420E+00
    0.31720E+00
    0.31944E+00
    0.33367E+00
    0.32739E+00
    0.31583E+00
    0.30520E+00
    0.30167E+00
    0.28679E+00
    0.27813E+00
    0.27706E+00
    0.28956E+00
    0.28898E+00
    0.28557E+00
    0.30128E+00
    0.31660E+00
    0.30334E+00
    0.30571E+00
    0.31472E+00
    0.33062E+00
    0.32931E+00
    0.32823E+00
    0.33654E+00
    0.33125E+00
    0.32686E+00
    0.33256E+00
    0.35926E+00
    0.39016E+00
    0.40668E+00
    0.41628E+00
    0.40200E+00
    0.40761E+00
    0.41362E+00
    0.39588E+00
    0.37571E+00
    0.35133E+00
    0.35359E+00
    0.34238E+00
    0.32919E+00
    0.31870E+00
    0.32410E+00
    0.32253E+00
    0.32733E+00
    0.33897E+00
    0.35056E+00
    0.35714E+00
    0.36410E+00
    0.37310E+00
    0.39354E+00
    0.39219E+00
    0.38958E+00
    0.39885E+00
    0.39839E+00
    0.40454E+00
    0.40001E+00
    0.39382E+00
    0.37336E+00
    0.36902E+00
    0.36365E+00
    0.36949E+00
    0.38739E+00
    0.39635E+00
    0.41475E+00
    0.42052E+00
    0.43314E+00
    0.46564E+00
    0.47502E+00
    0.48727E+00
    0.47415E+00
    0.47334E+00
    0.44707E+00
    0.43279E+00
    0.42569E+00
    0.42802E+00
    0.39847E+00
    0.37931E+00
    0.37284E+00
    0.35859E+00
    0.37415E+00
    0.36896E+00
    0.38091E+00
    0.39575E+00
    0.39496E+00
    0.39908E+00
    0.38285E+00
    0.38601E+00
    0.36051E+00
    0.36245E+00
    0.36518E+00
    0.37424E+00
    0.36680E+00
    0.35232E+00
    0.34799E+00
    0.34456E+00
    0.34957E+00
    0.34801E+00
    0.35843E+00
    0.36691E+00
    0.34954E+00
    0.34746E+00
    0.37171E+00
    0.38672E+00
    0.39261E+00
    0.39070E+00
    0.39204E+00
    0.41411E+00
    0.43517E+00
    0.43488E+00
    0.41343E+00
    0.39203E+00
    0.36970E+00
    0.36546E+00
    0.36083E+00
    0.37010E+00
    0.34826E+00
    0.32969E+00
    0.29997E+00
    0.28259E+00
    0.28709E+00
    0.28323E+00
    0.29510E+00
    0.29691E+00
    0.30046E+00
    0.31273E+00
    0.31559E+00
    0.31801E+00
    0.31252E+00
    0.31958E+00
    0.33348E+00
    0.34310E+00
    0.34971E+00
    0.35369E+00
    0.38232E+00
    0.40768E+00
    0.40581E+00
    0.38618E+00
    0.39085E+00
    0.39288E+00
    0.38851E+00
    0.38800E+00
    0.41211E+00
    0.43752E+00
    0.42926E+00
    0.43544E+00
    0.44634E+00
    0.49891E+00
    0.49436E+00
    0.49300E+00
    0.48099E+00
    0.48230E+00
    0.44183E+00
    0.39077E+00
    0.36564E+00
    0.28998E+00
    0.27448E+00
    0.28450E+00
    0.30932E+00
    0.34635E+00
    0.36617E+00
    0.37319E+00
