    0.51404E+00
    0.51386E+00
    0.51380E+00
    0.51342E+00
    0.51185E+00
    0.51249E+00
    0.51089E+00
    0.51086E+00
    0.51017E+00
    0.50988E+00
    0.51005E+00
    0.50848E+00
    0.50793E+00
    0.50924E+00
    0.50680E+00
    0.50713E+00
    0.50671E+00
    0.50725E+00
    0.50613E+00
    0.50661E+00
    0.50545E+00
    0.50522E+00
    0.50506E+00
    0.50466E+00
    0.50476E+00
    0.50592E+00
    0.50573E+00
    0.50429E+00
    0.50742E+00
    0.50675E+00
    0.50615E+00
    0.50707E+00
    0.51045E+00
    0.50699E+00
    0.50900E+00
    0.50767E+00
    0.50836E+00
    0.50879E+00
    0.50704E+00
    0.50559E+00
    0.50513E+00
    0.50624E+00
    0.50386E+00
    0.50280E+00
    0.49890E+00
    0.49874E+00
    0.49474E+00
    0.49328E+00
    0.49002E+00
    0.48973E+00
    0.48811E+00
    0.48423E+00
    0.47979E+00
    0.47925E+00
    0.47715E+00
    0.47508E+00
    0.47254E+00
    0.46971E+00
    0.46678E+00
    0.46502E+00
    0.46192E+00
    0.46088E+00
    0.45937E+00
    0.45648E+00
    0.45586E+00
    0.45348E+00
    0.45094E+00
    0.44769E+00
    0.44857E+00
    0.44625E+00
    0.44424E+00
    0.44419E+00
    0.44289E+00
    0.44045E+00
    0.43873E+00
    0.43892E+00
    0.43565E+00
    0.43861E+00
    0.43613E+00
    0.43563E+00
    0.43301E+00
    0.43227E+00
    0.43346E+00
    0.42995E+00
    0.42831E+00
    0.42654E+00
    0.42668E+00
    0.42524E+00
    0.42332E+00
    0.42195E+00
    0.42155E+00
    0.41941E+00
    0.41733E+00
    0.41632E+00
    0.41564E+00
    0.41443E+00
    0.41173E+00
    0.41043E+00
    0.40776E+00
    0.40814E+00
    0.40592E+00
    0.40400E+00
    0.40565E+00
    0.40459E+00
    0.40414E+00
    0.40341E+00
    0.40171E+00
    0.40257E+00
    0.40232E+00
    0.40428E+00
    0.40260E+00
    0.40372E+00
    0.40383E+00
    0.40396E+00
    0.40620E+00
    0.40604E+00
    0.40880E+00
    0.40857E+00
    0.40908E+00
    0.41031E+00
    0.41222E+00
    0.41364E+00
    0.41610E+00
    0.41719E+00
    0.41843E+00
    0.42073E+00
    0.42295E+00
    0.42283E+00
    0.42493E+00
    0.42666E+00
    0.42779E+00
    0.43086E+00
    0.43240E+00
    0.43345E+00
    0.43600E+00
    0.43678E+00
    0.43879E+00
    0.43973E+00
    0.44097E+00
    0.44193E+00
    0.44299E+00
    0.44479E+00
    0.44414E+00
    0.44412E+00
    0.44376E+00
    0.44354E+00
    0.44442E+00
    0.44180E+00
    0.44435E+00
    0.44239E+00
    0.44075E+00
    0.44070E+00
    0.43956E+00
    0.43802E+00
    0.43796E+00
    0.43375E+00
    0.43181E+00
    0.42988E+00
    0.42750E+00
    0.42405E+00
    0.42212E+00
    0.42092E+00
    0.41760E+00
    0.41497E+00
    0.41167E+00
    0.40858E+00
    0.40528E+00
    0.40439E+00
    0.40104E+00
    0.39901E+00
    0.39688E+00
    0.39460E+00
    0.39123E+00
    0.38796E+00
    0.38602E+00
    0.38391E+00
    0.38014E+00
    0.37947E+00
    0.37654E+00
    0.37204E+00
    0.36805E+00
    0.36308E+00
    0.35905E+00
    0.35691E+00
    0.35252E+00
    0.34871E+00
    0.34655E+00
    0.34232E+00
    0.33984E+00
    0.33982E+00
    0.33948E+00
    0.33887E+00
    0.33819E+00
    0.34041E+00
    0.34164E+00
    0.34127E+00
    0.34324E+00
    0.34566E+00
    0.34622E+00
    0.34655E+00
    0.34875E+00
    0.34945E+00
    0.35033E+00
    0.35090E+00
    0.35147E+00
    0.35252E+00
    0.35250E+00
    0.35279E+00
    0.35226E+00
    0.35243E+00
    0.35151E+00
    0.35134E+00
    0.34890E+00
    0.34965E+00
    0.34777E+00
    0.34761E+00
    0.34622E+00
    0.34514E+00
    0.34405E+00
    0.34524E+00
    0.34142E+00
    0.34212E+00
    0.33968E+00
    0.33707E+00
    0.33525E+00
    0.33174E+00
    0.33011E+00
    0.32531E+00
    0.32285E+00
    0.31843E+00
    0.31680E+00
    0.31209E+00
    0.30994E+00
    0.30667E+00
    0.30124E+00
    0.29785E+00
    0.29490E+00
    0.29045E+00
    0.28752E+00
    0.28489E+00
    0.28389E+00
    0.28153E+00
    0.28084E+00
    0.27893E+00
    0.27800E+00
    0.27792E+00
    0.27895E+00
    0.27744E+00
    0.27857E+00
    0.27852E+00
    0.27731E+00
    0.27948E+00
    0.27875E+00
    0.28021E+00
    0.27999E+00
    0.28024E+00
    0.28221E+00
    0.28339E+00
    0.28420E+00
    0.28442E+00
    0.28629E+00
    0.28673E+00
    0.28733E+00
    0.28755E+00
    0.28788E+00
    0.28898E+00
    0.28889E+00
    0.28750E+00
    0.28856E+00
    0.28729E+00
    0.28741E+00
    0.28547E+00
    0.28614E+00
    0.28499E+00
    0.28411E+00
    0.28282E+00
    0.28288E+00
    0.28193E+00
    0.28075E+00
    0.27846E+00
    0.27819E+00
    0.27818E+00
    0.27635E+00
    0.27541E+00
    0.27470E+00
    0.27465E+00
    0.27251E+00
    0.27118E+00
    0.27098E+00
    0.26981E+00
    0.26922E+00
    0.26869E+00
    0.26703E+00
    0.26792E+00
    0.26598E+00
    0.26648E+00
    0.26528E+00
    0.26427E+00
    0.26415E+00
    0.26432E+00
    0.26529E+00
    0.26591E+00
    0.26648E+00
    0.26658E+00
    0.26887E+00
    0.27031E+00
    0.27103E+00
    0.27354E+00
    0.27459E+00
    0.27580E+00
    0.27836E+00
    0.27960E+00
    0.28111E+00
    0.28364E+00
    0.28528E+00
    0.28590E+00
    0.28728E+00
    0.28939E+00
    0.29072E+00
    0.29181E+00
    0.29300E+00
    0.29397E+00
    0.29460E+00
    0.29647E+00
    0.29736E+00
    0.29762E+00
    0.29628E+00
    0.29736E+00
    0.29610E+00
    0.29775E+00
    0.29672E+00
    0.29785E+00
    0.29641E+00
    0.29562E+00
    0.29492E+00
    0.29491E+00
    0.29463E+00
    0.29451E+00
    0.29416E+00
    0.29433E+00
    0.29398E+00
    0.29433E+00
    0.29282E+00
    0.29235E+00
    0.29100E+00
    0.29049E+00
    0.28845E+00
    0.28544E+00
    0.28451E+00
    0.28268E+00
    0.28073E+00
    0.27670E+00
    0.27248E+00
    0.26785E+00
    0.26359E+00
    0.26287E+00
    0.25904E+00
    0.25852E+00
    0.25463E+00
    0.25269E+00
    0.24823E+00
    0.24226E+00
    0.23785E+00
    0.23478E+00
    0.22804E+00
    0.22492E+00
    0.22509E+00
    0.22819E+00
    0.22920E+00
    0.23138E+00
    0.23315E+00
    0.23533E+00
    0.23542E+00
    0.23721E+00
    0.23835E+00
    0.23857E+00
    0.23882E+00
    0.24011E+00
    0.24020E+00
    0.24241E+00
    0.24254E+00
    0.24342E+00
    0.24435E+00
    0.24600E+00
    0.24633E+00
    0.24830E+00
    0.24894E+00
    0.24942E+00
    0.25033E+00
    0.25217E+00
    0.25282E+00
    0.25281E+00
    0.25416E+00
    0.25613E+00
    0.25735E+00
    0.25944E+00
    0.26073E+00
    0.26157E+00
    0.26553E+00
    0.26669E+00
    0.27003E+00
    0.27181E+00
    0.27529E+00
    0.27768E+00
    0.28150E+00
    0.28460E+00
    0.28587E+00
    0.28982E+00
    0.29272E+00
    0.29597E+00
    0.29912E+00
    0.30202E+00
    0.30467E+00
    0.30806E+00
    0.31160E+00
    0.31515E+00
    0.31755E+00
    0.32097E+00
    0.32285E+00
    0.32603E+00
    0.32761E+00
    0.33250E+00
    0.33627E+00
    0.33856E+00
    0.34252E+00
    0.34495E+00
    0.34858E+00
    0.35134E+00
    0.35506E+00
    0.35839E+00
    0.36290E+00
    0.36454E+00
    0.36886E+00
    0.37111E+00
    0.37541E+00
    0.37818E+00
    0.37996E+00
    0.38213E+00
    0.38479E+00
    0.38610E+00
    0.39020E+00
    0.39048E+00
    0.39471E+00
    0.39622E+00
    0.39695E+00
    0.39974E+00
    0.40193E+00
    0.40451E+00
    0.40633E+00
    0.40714E+00
    0.41080E+00
    0.41260E+00
    0.41418E+00
    0.41700E+00
    0.41835E+00
    0.42119E+00
    0.42360E+00
    0.42587E+00
    0.42956E+00
    0.43244E+00
    0.43499E+00
    0.43640E+00
    0.44213E+00
    0.44511E+00
    0.44819E+00
    0.45165E+00
    0.45497E+00
    0.45842E+00
    0.46226E+00
    0.46393E+00
    0.46929E+00
    0.46964E+00
    0.47403E+00
    0.47824E+00
    0.48052E+00
    0.48315E+00
    0.48674E+00
    0.49000E+00
    0.49161E+00
    0.49485E+00
    0.49583E+00
    0.49743E+00
    0.49928E+00
    0.50245E+00
    0.50243E+00
    0.50602E+00
    0.50871E+00
    0.51004E+00
    0.51368E+00
    0.51413E+00
    0.51814E+00
    0.52043E+00
    0.52355E+00
    0.52589E+00
    0.53003E+00
    0.53245E+00
    0.53703E+00
    0.54091E+00
    0.54497E+00
    0.54724E+00
    0.55043E+00
    0.55460E+00
    0.55566E+00
    0.55970E+00
    0.56213E+00
    0.56625E+00
    0.57007E+00
    0.57046E+00
    0.57100E+00
    0.57241E+00
    0.57394E+00
    0.57524E+00
    0.57805E+00
    0.57591E+00
    0.57640E+00
    0.57718E+00
    0.57466E+00
    0.57590E+00
    0.57369E+00
    0.57563E+00
    0.57285E+00
    0.57132E+00
    0.57301E+00
    0.57122E+00
    0.56950E+00
    0.56938E+00
    0.56992E+00
    0.56816E+00
    0.56781E+00
    0.56627E+00
    0.56394E+00
    0.56234E+00
    0.56011E+00
    0.55949E+00
    0.55715E+00
    0.55563E+00
    0.55401E+00
    0.55296E+00
    0.55313E+00
    0.55185E+00
    0.54889E+00
    0.54826E+00
    0.54623E+00
    0.54496E+00
    0.54309E+00
    0.54120E+00
    0.53807E+00
    0.53741E+00
    0.53368E+00
    0.53205E+00
    0.53004E+00
    0.52781E+00
    0.52644E+00
    0.52328E+00
    0.52043E+00
    0.51965E+00
    0.51611E+00
    0.51510E+00
    0.51166E+00
    0.50936E+00
    0.50739E+00
    0.50439E+00
    0.50336E+00
    0.50102E+00
    0.49997E+00
    0.49650E+00
    0.49450E+00
    0.49239E+00
    0.49284E+00
    0.49183E+00
    0.48901E+00
    0.48796E+00
    0.48795E+00
    0.48724E+00
    0.48694E+00
    0.48935E+00
    0.48800E+00
    0.48730E+00
    0.48844E+00
    0.48939E+00
    0.48874E+00
    0.48879E+00
    0.48948E+00
    0.49042E+00
    0.49143E+00
    0.49291E+00
    0.49322E+00
    0.49502E+00
    0.49276E+00
    0.49685E+00
    0.49460E+00
    0.49756E+00
    0.49571E+00
    0.49856E+00
    0.49929E+00
    0.49923E+00
    0.49964E+00
    0.49938E+00
    0.50123E+00
    0.50112E+00
    0.50195E+00
    0.50293E+00
    0.50387E+00
    0.50424E+00
    0.50500E+00
    0.50602E+00
    0.50686E+00
    0.50807E+00
    0.50882E+00
    0.51076E+00
    0.51312E+00
    0.51439E+00
    0.51560E+00
    0.51462E+00
    0.51555E+00
    0.51611E+00
    0.51932E+00
    0.51806E+00
    0.51894E+00
    0.51983E+00
    0.51982E+00
    0.52253E+00
    0.52098E+00
    0.52215E+00
    0.52076E+00
    0.52238E+00
    0.52196E+00
    0.52123E+00
    0.52285E+00
    0.52126E+00
    0.51954E+00
    0.51616E+00
    0.51734E+00
    0.51703E+00
    0.51642E+00
    0.51568E+00
    0.51577E+00
    0.51588E+00
    0.51611E+00
    0.51350E+00
