     0.8227
     0.7817
     0.7506
     0.7326
     0.7264
     0.7206
     0.7236
     0.7373
     0.7093
     0.6884
     0.6855
     0.7020
     0.7559
     0.8040
     0.8624
     0.9050
     0.8169
     0.7649
     0.7159
     0.6925
     0.7390
     0.8041
     0.7926
     0.8214
     0.9872
     1.1794
     1.1070
     0.9443
     0.9950
     1.0424
     0.9772
     0.9168
     1.0274
     1.1853
     1.0080
     0.8896
     0.8382
     0.8083
     0.7721
     0.7647
     0.7738
     0.8140
     0.7285
     0.7344
     0.6630
     0.6551
     0.6504
     0.6313
     0.5952
     0.5938
     0.5934
     0.6008
     0.6246
     0.6558
     0.6388
     0.6163
     0.5810
     0.5841
     0.5826
     0.5680
     0.5403
     0.5581
     0.5842
     0.6436
     0.6542
     0.6497
     0.6103
     0.5868
     0.5647
     0.5411
     0.5093
     0.4750
     0.4643
     0.4605
     0.4670
     0.4667
     0.4829
     0.5062
     0.5299
     0.5517
     0.5809
     0.6324
     0.6393
     0.6366
     0.6225
     0.6240
     0.6015
     0.5893
     0.5812
     0.5770
     0.5824
     0.5821
     0.5606
     0.5451
     0.5340
     0.5190
     0.5159
     0.5047
     0.4913
     0.4760
     0.4742
     0.4835
     0.4905
     0.5000
     0.5135
     0.5163
     0.5266
     0.5424
     0.5501
     0.5329
     0.5293
     0.5217
     0.5158
     0.5249
     0.5184
     0.5140
     0.5218
     0.5255
     0.5348
     0.5435
     0.5746
     0.6120
     0.6301
     0.6590
     0.6352
     0.6320
     0.6400
     0.6372
     0.6318
     0.6218
     0.6521
     0.6921
     0.6832
     0.6687
     0.6706
     0.6741
     0.6581
     0.6553
     0.6613
     0.6690
     0.6486
     0.6508
     0.6394
     0.6392
     0.6337
     0.6476
     0.6357
     0.6187
     0.6006
     0.5826
     0.5682
     0.5625
     0.5615
     0.5748
     0.5877
     0.5966
     0.6120
     0.6184
     0.6135
     0.5907
     0.5653
     0.5566
     0.5354
     0.5289
     0.5253
     0.5194
     0.5329
     0.5691
     0.5693
     0.5756
     0.5705
     0.5914
     0.6042
     0.6122
     0.5623
     0.5419
     0.5222
     0.4973
     0.4977
     0.5052
     0.4717
     0.4675
     0.4250
     0.4057
     0.3965
     0.3747
     0.3391
     0.3397
     0.3385
     0.3553
     0.3570
     0.3696
     0.3702
     0.3871
     0.4024
     0.4038
     0.4159
     0.4256
     0.4438
     0.4439
     0.4353
     0.4331
     0.4386
     0.4318
     0.4363
     0.4488
     0.4604
     0.4690
     0.4738
     0.4850
     0.4671
     0.4748
     0.4740
     0.4715
     0.4724
     0.4750
     0.4745
     0.4776
     0.4850
     0.5008
     0.5089
     0.5094
     0.5010
     0.5022
     0.4647
     0.4240
     0.4026
     0.3829
     0.3782
     0.3613
     0.3615
     0.3630
     0.3541
     0.3626
     0.3442
     0.3253
     0.3094
     0.2921
     0.2809
     0.2798
     0.2794
     0.2787
     0.2829
     0.2911
     0.2993
     0.3073
     0.3164
     0.3286
     0.3265
     0.3155
     0.3106
     0.3125
     0.3032
     0.3115
     0.3042
     0.3098
     0.3230
     0.3253
     0.3454
     0.3625
     0.3762
     0.3991
     0.4103
     0.4061
     0.4039
     0.3876
     0.3774
     0.3721
     0.3857
     0.3843
     0.3911
     0.3830
     0.3829
     0.3757
     0.3705
     0.3666
     0.3518
     0.3480
     0.3390
     0.3298
     0.3286
     0.3228
     0.3097
     0.3001
     0.2880
     0.2870
     0.2838
     0.2843
     0.2828
     0.2968
     0.2923
     0.2856
     0.2854
     0.2972
     0.2837
     0.2630
     0.2662
     0.2680
     0.2611
     0.2633
     0.2592
     0.2617
     0.2819
     0.2952
     0.3108
     0.3255
     0.3356
     0.3560
     0.3635
     0.3680
     0.3861
     0.3866
     0.3910
     0.4021
     0.4056
     0.4130
     0.4078
     0.4094
     0.3977
     0.3977
     0.3986
     0.4013
     0.4085
     0.4142
     0.4231
     0.4339
     0.4313
     0.4350
     0.4172
     0.4094
     0.3903
     0.3806
     0.3738
     0.3665
     0.3651
     0.3637
     0.3656
     0.3716
     0.3670
     0.3756
     0.3790
     0.3876
     0.3938
     0.3934
     0.3967
     0.3976
     0.3897
     0.3873
     0.3890
     0.3740
     0.3634
     0.3496
     0.3395
     0.3244
     0.3049
     0.2884
     0.2846
     0.2803
     0.2864
     0.2865
     0.2706
     0.2589
     0.2580
     0.2555
     0.2367
     0.2336
     0.2334
     0.2441
     0.2506
     0.2538
     0.2698
     0.2717
     0.2791
     0.2718
     0.2772
     0.2785
     0.2862
     0.2889
     0.2899
     0.2857
     0.2981
     0.2981
     0.3066
     0.3202
     0.3250
     0.3312
     0.3311
     0.3295
     0.3369
     0.3348
     0.3361
     0.3401
     0.3533
     0.3548
     0.3607
     0.3665
     0.3654
     0.3668
     0.3704
     0.3882
     0.3971
     0.4095
     0.4077
     0.4071
     0.4208
     0.4254
     0.4323
     0.4381
     0.4530
     0.4445
     0.4429
     0.4543
     0.4511
     0.4640
     0.4642
     0.4735
     0.4796
     0.4964
     0.4966
     0.4897
     0.4899
     0.4824
     0.4796
     0.4766
     0.4923
     0.5010
     0.5235
     0.5240
     0.5398
     0.5459
     0.5528
     0.5678
     0.5971
     0.6282
     0.6410
     0.6391
     0.6678
     0.6799
     0.6732
     0.6552
     0.6728
     0.6747
     0.6725
     0.7220
     0.7447
     0.7588
     0.8337
     0.8797
     0.9341
     0.9487
     0.8810
     0.8186
     0.8229
     0.8378
     0.8307
     0.8315
     0.8053
     0.8101
     0.8311
     0.8628
     0.9040
     0.9637
     1.0461
     1.1119
     1.1300
     1.2530
     1.2654
     1.2884
     1.2750
     1.3309
     1.3559
     1.3451
     1.3380
     1.3024
     1.2503
     1.2106
     1.1219
     1.0523
     1.2299
     1.4532
     1.2218
     1.0424
     0.9928
     0.9385
     0.9474
     0.9790
     0.9677
     0.9596
     1.0502
     1.2055
     1.2348
     1.2664
     1.3588
     1.3987
     1.2915
     1.2730
     1.3515
     1.3951
     1.3321
     1.1930
     1.1811
     1.2296
     1.2778
     1.3436
     1.3043
     1.2280
     1.0552
     0.9693
     0.9591
     0.9316
     0.9285
     0.9145
     0.8758
     0.8519
     0.9164
     0.9890
     0.9857
     0.9801
     1.0692
     1.1273
     1.1105
     1.1179
     1.0369
     0.9746
     0.9330
     0.8936
     0.8607
     0.8201
     0.7753
     0.7826
     0.7965
     0.7940
     0.7961
     0.7791
     0.8020
     0.8061
     0.8203
     0.8346
     0.8405
     0.8238
     0.7953
     0.7653
     0.7695
     0.7783
     0.7560
     0.7325
     0.7129
     0.6979
     0.6969
     0.6976
     0.6879
     0.6954
     0.6916
     0.7027
     0.7244
     0.7450
     0.7503
     0.7407
     0.7363
     0.7469
     0.7275
     0.7052
     0.7020
     0.6927
     0.6783
     0.6661
     0.6493
     0.6402
     0.6232
     0.6096
     0.6502
     0.6787
     0.7071
     0.7315
     0.7676
     0.7795
     0.7760
     0.7602
     0.8083
     0.8920
     0.8463
     0.7917
     0.7811
     0.7408
     0.7278
     0.6977
     0.6881
     0.7042
     0.7663
     0.8091
     0.8292
     0.8159
     0.7616
     0.7241
     0.7330
     0.7461
     0.7877
     0.8240
     0.8786
     0.9829
     0.9901
     0.9565
     0.9780
     0.9654
     0.9414
     0.9517
     0.9360
     0.9206
     0.9233
     0.9413
     0.9964
     1.0468
     0.9015
     0.7886
     0.7526
     0.7695
     0.7627
     0.7585
     0.8015
     0.8305
     0.8059
     0.7942
     0.8090
     0.7750
     0.7160
     0.6742
     0.6478
     0.6382
     0.6253
     0.6151
     0.6533
     0.7093
     0.7327
     0.7210
     0.7581
     0.8196
     0.8221
     0.8098
     0.8073
     0.7851
