    0.49212E+00
    0.53448E+00
    0.53765E+00
    0.55215E+00
    0.52215E+00
    0.50116E+00
    0.50600E+00
    0.47576E+00
    0.44447E+00
    0.43849E+00
    0.42593E+00
    0.38539E+00
    0.39103E+00
    0.36747E+00
    0.38024E+00
    0.40148E+00
    0.40799E+00
    0.41820E+00
    0.43041E+00
    0.42881E+00
    0.39452E+00
    0.37221E+00
    0.36327E+00
    0.35377E+00
    0.32448E+00
    0.30949E+00
    0.35077E+00
    0.38561E+00
    0.38168E+00
    0.38274E+00
    0.38021E+00
    0.39902E+00
    0.38439E+00
    0.37905E+00
    0.40714E+00
    0.43396E+00
    0.43848E+00
    0.45238E+00
    0.46147E+00
    0.47558E+00
    0.46872E+00
    0.46422E+00
    0.48652E+00
    0.48654E+00
    0.49601E+00
    0.50709E+00
    0.50812E+00
    0.51454E+00
    0.48958E+00
    0.50972E+00
    0.49956E+00
    0.47184E+00
    0.46491E+00
    0.48080E+00
    0.49960E+00
    0.50668E+00
    0.50981E+00
    0.52759E+00
    0.54068E+00
    0.54796E+00
    0.55213E+00
    0.53542E+00
    0.49604E+00
    0.47608E+00
    0.44811E+00
    0.44770E+00
    0.46352E+00
    0.51331E+00
    0.55725E+00
    0.58143E+00
    0.62284E+00
    0.65317E+00
    0.69001E+00
    0.67114E+00
    0.67065E+00
    0.65825E+00
    0.65603E+00
    0.65680E+00
    0.64625E+00
    0.60409E+00
    0.53498E+00
    0.49795E+00
    0.49760E+00
    0.49778E+00
    0.52426E+00
    0.54181E+00
    0.53667E+00
    0.55869E+00
    0.54740E+00
    0.51723E+00
    0.51690E+00
    0.50849E+00
    0.48817E+00
    0.45848E+00
    0.47394E+00
    0.48641E+00
    0.51480E+00
    0.52358E+00
    0.52731E+00
    0.55398E+00
    0.57061E+00
    0.53818E+00
    0.54247E+00
    0.51584E+00
    0.49958E+00
    0.47580E+00
    0.46983E+00
    0.48960E+00
    0.53993E+00
    0.54185E+00
    0.53611E+00
    0.52717E+00
    0.48718E+00
    0.47532E+00
    0.49541E+00
    0.50527E+00
    0.53930E+00
    0.54042E+00
    0.56147E+00
    0.55620E+00
    0.54342E+00
    0.49953E+00
    0.45465E+00
    0.44172E+00
    0.44127E+00
    0.44994E+00
    0.47502E+00
    0.48830E+00
    0.53462E+00
    0.53356E+00
    0.52239E+00
    0.47923E+00
    0.46266E+00
    0.46662E+00
    0.44910E+00
    0.45783E+00
    0.47461E+00
    0.48342E+00
    0.48259E+00
    0.47968E+00
    0.51004E+00
    0.48820E+00
    0.49338E+00
    0.51418E+00
    0.53404E+00
    0.56768E+00
    0.58260E+00
    0.61439E+00
    0.66385E+00
    0.68501E+00
    0.67272E+00
    0.65288E+00
    0.64106E+00
    0.60257E+00
    0.56889E+00
    0.54147E+00
    0.51741E+00
    0.47910E+00
    0.47100E+00
    0.46117E+00
    0.48362E+00
    0.53271E+00
    0.55243E+00
    0.57625E+00
    0.56041E+00
    0.55510E+00
    0.51624E+00
    0.49781E+00
    0.46197E+00
    0.42899E+00
    0.41370E+00
    0.42145E+00
    0.40852E+00
    0.40392E+00
    0.42785E+00
    0.46886E+00
    0.51978E+00
    0.55689E+00
    0.58709E+00
    0.62199E+00
    0.65285E+00
    0.67536E+00
    0.71203E+00
    0.73925E+00
    0.72537E+00
    0.75663E+00
    0.79281E+00
    0.77552E+00
    0.73231E+00
    0.72613E+00
    0.68396E+00
    0.65592E+00
    0.63790E+00
    0.61660E+00
    0.60332E+00
    0.60584E+00
    0.60838E+00
    0.60856E+00
    0.62320E+00
    0.62822E+00
    0.66578E+00
    0.70280E+00
    0.71298E+00
    0.71259E+00
    0.71690E+00
    0.68608E+00
    0.65892E+00
    0.62334E+00
    0.60511E+00
    0.56947E+00
    0.53351E+00
    0.51899E+00
    0.51342E+00
    0.50655E+00
    0.50706E+00
    0.51942E+00
    0.50769E+00
    0.50688E+00
    0.51431E+00
    0.53390E+00
    0.54988E+00
    0.56490E+00
    0.58287E+00
    0.60726E+00
    0.65766E+00
    0.71606E+00
    0.72866E+00
    0.74286E+00
    0.75311E+00
    0.74247E+00
    0.75189E+00
    0.77388E+00
    0.76572E+00
    0.77692E+00
    0.78891E+00
    0.77877E+00
    0.80494E+00
    0.80528E+00
    0.75663E+00
    0.77087E+00
    0.72433E+00
    0.74247E+00
    0.71671E+00
    0.71603E+00
    0.70166E+00
    0.69667E+00
    0.69638E+00
    0.73150E+00
    0.75776E+00
    0.77187E+00
    0.77804E+00
    0.77488E+00
    0.75448E+00
    0.74319E+00
    0.70420E+00
    0.63774E+00
    0.58390E+00
    0.57863E+00
    0.55793E+00
    0.54420E+00
    0.58438E+00
    0.60797E+00
    0.59262E+00
    0.60492E+00
    0.61945E+00
    0.62737E+00
    0.63266E+00
    0.64104E+00
    0.66966E+00
    0.66082E+00
    0.65703E+00
    0.66654E+00
    0.68173E+00
    0.68299E+00
    0.68639E+00
    0.67918E+00
    0.67225E+00
    0.67880E+00
    0.68631E+00
    0.66405E+00
    0.69341E+00
    0.70593E+00
    0.71327E+00
    0.72416E+00
    0.74917E+00
    0.77737E+00
    0.80702E+00
    0.86119E+00
    0.88936E+00
    0.88384E+00
    0.89191E+00
    0.94960E+00
    0.89505E+00
    0.91563E+00
    0.85335E+00
    0.81929E+00
    0.78071E+00
    0.75967E+00
    0.74525E+00
    0.71913E+00
    0.71517E+00
    0.71680E+00
    0.67632E+00
    0.68062E+00
    0.63781E+00
    0.61077E+00
    0.59523E+00
    0.59034E+00
    0.54874E+00
    0.53440E+00
    0.51348E+00
    0.52521E+00
    0.52044E+00
    0.54935E+00
    0.57745E+00
    0.62151E+00
    0.63729E+00
    0.66926E+00
    0.66346E+00
    0.66620E+00
    0.64894E+00
    0.64631E+00
    0.59790E+00
    0.58009E+00
    0.58640E+00
    0.58063E+00
    0.59026E+00
    0.59711E+00
    0.60220E+00
    0.62847E+00
    0.64721E+00
    0.67926E+00
    0.68770E+00
    0.69489E+00
    0.71500E+00
    0.70535E+00
    0.71834E+00
    0.71015E+00
    0.70601E+00
    0.68363E+00
    0.67672E+00
    0.66875E+00
    0.63655E+00
    0.64229E+00
    0.64337E+00
    0.65166E+00
    0.65191E+00
    0.65767E+00
    0.67291E+00
    0.67193E+00
    0.69593E+00
    0.69958E+00
    0.73979E+00
    0.79237E+00
    0.80465E+00
    0.84236E+00
    0.83704E+00
    0.80284E+00
    0.78437E+00
    0.77779E+00
    0.74664E+00
    0.76084E+00
    0.74882E+00
    0.73699E+00
    0.75005E+00
    0.75403E+00
    0.73519E+00
    0.72545E+00
    0.69914E+00
    0.68140E+00
    0.65920E+00
    0.63899E+00
    0.63420E+00
    0.61818E+00
    0.62154E+00
    0.60417E+00
    0.61812E+00
    0.62089E+00
    0.62391E+00
    0.63629E+00
    0.65021E+00
    0.65321E+00
    0.65390E+00
    0.64679E+00
    0.64381E+00
    0.62081E+00
    0.62535E+00
    0.61166E+00
    0.58931E+00
    0.54802E+00
    0.55458E+00
    0.56846E+00
    0.57248E+00
    0.54179E+00
    0.52589E+00
    0.51022E+00
    0.53271E+00
    0.51353E+00
    0.50849E+00
    0.50487E+00
    0.49470E+00
    0.48172E+00
    0.48442E+00
    0.46285E+00
    0.46770E+00
    0.47501E+00
    0.49048E+00
    0.49430E+00
    0.51601E+00
    0.49272E+00
    0.50372E+00
    0.48094E+00
    0.46962E+00
    0.47725E+00
    0.47798E+00
    0.47857E+00
    0.48640E+00
    0.47943E+00
    0.50484E+00
    0.52039E+00
    0.51913E+00
    0.53546E+00
    0.53016E+00
    0.56318E+00
    0.53524E+00
    0.51377E+00
    0.50850E+00
    0.50882E+00
    0.47835E+00
    0.49320E+00
    0.48894E+00
    0.47621E+00
    0.46338E+00
    0.45134E+00
    0.45546E+00
    0.42576E+00
    0.43580E+00
    0.44051E+00
    0.44899E+00
    0.46716E+00
    0.46756E+00
    0.45244E+00
    0.42428E+00
    0.40824E+00
    0.39335E+00
    0.37622E+00
    0.33652E+00
    0.30406E+00
    0.30533E+00
    0.29583E+00
    0.32152E+00
    0.35275E+00
    0.36227E+00
    0.35666E+00
    0.35192E+00
    0.36223E+00
    0.38607E+00
    0.38365E+00
    0.38681E+00
    0.36727E+00
    0.34674E+00
    0.33843E+00
    0.32060E+00
    0.30397E+00
    0.28238E+00
    0.28184E+00
    0.28472E+00
    0.28147E+00
    0.28218E+00
    0.29651E+00
    0.28897E+00
    0.28202E+00
    0.29898E+00
    0.29291E+00
    0.29008E+00
    0.29609E+00
    0.31194E+00
    0.32229E+00
    0.31964E+00
    0.29319E+00
    0.32014E+00
    0.34112E+00
    0.34324E+00
    0.35328E+00
    0.35355E+00
    0.33524E+00
    0.32373E+00
    0.32195E+00
    0.29903E+00
    0.29832E+00
    0.31448E+00
    0.31012E+00
    0.31876E+00
    0.31012E+00
    0.31708E+00
    0.33095E+00
    0.32734E+00
    0.31748E+00
    0.33324E+00
    0.34428E+00
    0.34801E+00
    0.35364E+00
    0.34642E+00
    0.34840E+00
    0.34701E+00
    0.35487E+00
    0.38169E+00
    0.41581E+00
    0.43030E+00
    0.43892E+00
    0.43489E+00
    0.44666E+00
    0.43715E+00
    0.44627E+00
    0.41354E+00
    0.38894E+00
    0.39786E+00
    0.37948E+00
    0.37757E+00
    0.35296E+00
    0.34950E+00
    0.36568E+00
    0.36710E+00
    0.38617E+00
    0.39245E+00
    0.39445E+00
    0.41171E+00
    0.40736E+00
    0.44534E+00
    0.43887E+00
    0.43591E+00
    0.46541E+00
    0.45201E+00
    0.44724E+00
    0.45667E+00
    0.45049E+00
    0.43791E+00
    0.41932E+00
    0.42893E+00
    0.41489E+00
    0.43999E+00
    0.45482E+00
    0.46283E+00
    0.47431E+00
    0.49084E+00
    0.53895E+00
    0.55018E+00
    0.57002E+00
    0.54925E+00
    0.52917E+00
    0.51522E+00
    0.50515E+00
    0.48892E+00
    0.48490E+00
    0.47122E+00
    0.44249E+00
    0.42186E+00
    0.41473E+00
    0.43857E+00
    0.43103E+00
    0.44531E+00
    0.44977E+00
    0.45596E+00
    0.44965E+00
    0.45621E+00
    0.44733E+00
    0.40398E+00
    0.42331E+00
    0.41983E+00
    0.43331E+00
    0.42835E+00
    0.40061E+00
    0.40384E+00
    0.38396E+00
    0.39522E+00
    0.39648E+00
    0.41123E+00
    0.40658E+00
    0.38719E+00
    0.38236E+00
    0.40370E+00
    0.43242E+00
    0.44425E+00
    0.44634E+00
    0.44097E+00
    0.46353E+00
    0.48929E+00
    0.49422E+00
    0.46931E+00
    0.43630E+00
    0.44296E+00
    0.41634E+00
    0.41556E+00
    0.42453E+00
    0.41039E+00
    0.38268E+00
    0.35450E+00
    0.33390E+00
    0.32474E+00
    0.32403E+00
    0.32344E+00
    0.33533E+00
    0.31729E+00
    0.34564E+00
    0.35279E+00
    0.35446E+00
    0.34778E+00
    0.35631E+00
    0.36182E+00
    0.37486E+00
    0.39885E+00
    0.38911E+00
    0.42447E+00
    0.47044E+00
    0.45197E+00
    0.44154E+00
    0.44350E+00
    0.44668E+00
    0.45776E+00
    0.43504E+00
    0.45361E+00
    0.49372E+00
    0.48556E+00
    0.49646E+00
    0.50286E+00
    0.56602E+00
    0.56871E+00
    0.56314E+00
    0.56414E+00
    0.55241E+00
    0.51053E+00
    0.45580E+00
    0.42494E+00
    0.36339E+00
    0.32296E+00
    0.32938E+00
    0.35913E+00
    0.39760E+00
    0.41837E+00
    0.40993E+00
