    0.64265E+00
    0.64795E+00
    0.65013E+00
    0.65302E+00
    0.65308E+00
    0.65503E+00
    0.65228E+00
    0.64806E+00
    0.64347E+00
    0.63847E+00
    0.63542E+00
    0.62695E+00
    0.62196E+00
    0.61792E+00
    0.61278E+00
    0.60749E+00
    0.60388E+00
    0.60061E+00
    0.59901E+00
    0.59630E+00
    0.59471E+00
    0.59354E+00
    0.58946E+00
    0.58872E+00
    0.58938E+00
    0.58845E+00
    0.58733E+00
    0.59106E+00
    0.59255E+00
    0.59549E+00
    0.60085E+00
    0.60460E+00
    0.61116E+00
    0.61638E+00
    0.62199E+00
    0.63194E+00
    0.63652E+00
    0.64173E+00
    0.64855E+00
    0.65462E+00
    0.65844E+00
    0.66492E+00
    0.66856E+00
    0.67166E+00
    0.67630E+00
    0.67913E+00
    0.68322E+00
    0.68519E+00
    0.68858E+00
    0.69027E+00
    0.69342E+00
    0.69292E+00
    0.69559E+00
    0.69686E+00
    0.70150E+00
    0.70402E+00
    0.70538E+00
    0.70562E+00
    0.70963E+00
    0.71141E+00
    0.71046E+00
    0.71034E+00
    0.71117E+00
    0.70904E+00
    0.71145E+00
    0.71530E+00
    0.71749E+00
    0.72506E+00
    0.72947E+00
    0.73801E+00
    0.74578E+00
    0.75270E+00
    0.75971E+00
    0.76968E+00
    0.77269E+00
    0.77146E+00
    0.77380E+00
    0.76874E+00
    0.76153E+00
    0.75312E+00
    0.74600E+00
    0.73998E+00
    0.73257E+00
    0.72415E+00
    0.72204E+00
    0.72066E+00
    0.71456E+00
    0.71231E+00
    0.70908E+00
    0.70752E+00
    0.70357E+00
    0.69889E+00
    0.69078E+00
    0.68769E+00
    0.68170E+00
    0.67974E+00
    0.67731E+00
    0.67798E+00
    0.67725E+00
    0.68023E+00
    0.68118E+00
    0.68330E+00
    0.68387E+00
    0.68398E+00
    0.68339E+00
    0.68131E+00
    0.68436E+00
    0.68333E+00
    0.68424E+00
    0.68360E+00
    0.68360E+00
    0.68501E+00
    0.68579E+00
    0.68738E+00
    0.68487E+00
    0.68521E+00
    0.68832E+00
    0.68722E+00
    0.68390E+00
    0.68419E+00
    0.68136E+00
    0.68095E+00
    0.67755E+00
    0.67678E+00
    0.67383E+00
    0.67416E+00
    0.67713E+00
    0.67574E+00
    0.67496E+00
    0.67825E+00
    0.67768E+00
    0.67817E+00
    0.67693E+00
    0.68089E+00
    0.68211E+00
    0.68404E+00
    0.68534E+00
    0.68808E+00
    0.69104E+00
    0.69556E+00
    0.70135E+00
    0.70415E+00
    0.71189E+00
    0.71803E+00
    0.72485E+00
    0.73459E+00
    0.74238E+00
    0.75268E+00
    0.75972E+00
    0.76573E+00
    0.76966E+00
    0.76826E+00
    0.76597E+00
    0.76038E+00
    0.75307E+00
    0.74561E+00
    0.73463E+00
    0.72549E+00
    0.71901E+00
    0.71381E+00
    0.71150E+00
    0.70817E+00
    0.70740E+00
    0.70607E+00
    0.70651E+00
    0.70282E+00
    0.70182E+00
    0.69742E+00
    0.69517E+00
    0.68638E+00
    0.68373E+00
    0.67868E+00
    0.68065E+00
    0.68160E+00
    0.68729E+00
    0.69372E+00
    0.70662E+00
    0.71734E+00
    0.72937E+00
    0.74485E+00
    0.75854E+00
    0.77540E+00
    0.78977E+00
    0.80123E+00
    0.81360E+00
    0.82227E+00
    0.83078E+00
    0.83554E+00
    0.83348E+00
    0.83338E+00
    0.82809E+00
    0.82417E+00
    0.81716E+00
    0.81402E+00
    0.80423E+00
    0.79887E+00
    0.79714E+00
    0.79350E+00
    0.79278E+00
    0.79414E+00
    0.79892E+00
    0.80240E+00
    0.80201E+00
    0.80503E+00
    0.80283E+00
    0.79958E+00
    0.79419E+00
    0.78564E+00
    0.77634E+00
    0.76563E+00
    0.75720E+00
    0.74825E+00
    0.74067E+00
    0.73185E+00
    0.72856E+00
    0.72833E+00
    0.72580E+00
    0.73179E+00
    0.73338E+00
    0.74176E+00
    0.75062E+00
    0.76442E+00
    0.77810E+00
    0.79026E+00
    0.80507E+00
    0.82188E+00
    0.83354E+00
    0.85064E+00
    0.85929E+00
    0.87083E+00
    0.87868E+00
    0.88489E+00
    0.89016E+00
    0.89371E+00
    0.89504E+00
    0.89666E+00
    0.89495E+00
    0.89433E+00
    0.89002E+00
    0.88306E+00
    0.87905E+00
    0.87235E+00
    0.87060E+00
    0.86559E+00
    0.85865E+00
    0.85700E+00
    0.85538E+00
    0.85460E+00
    0.85791E+00
    0.85852E+00
    0.85958E+00
    0.85745E+00
    0.85174E+00
    0.84010E+00
    0.82571E+00
    0.81115E+00
    0.79474E+00
    0.78467E+00
    0.77072E+00
    0.76281E+00
    0.75921E+00
    0.75642E+00
    0.75808E+00
    0.76175E+00
    0.76803E+00
    0.77224E+00
    0.78188E+00
    0.78938E+00
    0.79808E+00
    0.80575E+00
    0.81299E+00
    0.81962E+00
    0.82712E+00
    0.83034E+00
    0.83526E+00
    0.84079E+00
    0.84154E+00
    0.84957E+00
    0.85367E+00
    0.86278E+00
    0.86511E+00
    0.87366E+00
    0.88087E+00
    0.89365E+00
    0.90345E+00
    0.91493E+00
    0.92933E+00
    0.94656E+00
    0.95753E+00
    0.96790E+00
    0.97816E+00
    0.98208E+00
    0.98246E+00
    0.97463E+00
    0.96024E+00
    0.94292E+00
    0.92217E+00
    0.90200E+00
    0.88547E+00
    0.86881E+00
    0.85234E+00
    0.83923E+00
    0.82500E+00
    0.80900E+00
    0.79593E+00
    0.78075E+00
    0.76410E+00
    0.75274E+00
    0.73887E+00
    0.72890E+00
    0.72084E+00
    0.71750E+00
    0.71387E+00
    0.71645E+00
    0.72201E+00
    0.73338E+00
    0.74247E+00
    0.75100E+00
    0.76462E+00
    0.77226E+00
    0.77635E+00
    0.77925E+00
    0.77963E+00
    0.77645E+00
    0.77447E+00
    0.77347E+00
    0.77514E+00
    0.77598E+00
    0.77827E+00
    0.78624E+00
    0.79270E+00
    0.79915E+00
    0.80906E+00
    0.81899E+00
    0.82830E+00
    0.83102E+00
    0.84007E+00
    0.84017E+00
    0.83733E+00
    0.83703E+00
    0.83437E+00
    0.82869E+00
    0.82633E+00
    0.82655E+00
    0.82261E+00
    0.82517E+00
    0.82640E+00
    0.83028E+00
    0.83136E+00
    0.83916E+00
    0.84595E+00
    0.85481E+00
    0.86618E+00
    0.87928E+00
    0.88918E+00
    0.89738E+00
    0.90790E+00
    0.90850E+00
    0.90655E+00
    0.89995E+00
    0.89316E+00
    0.88660E+00
    0.88010E+00
    0.87368E+00
    0.87004E+00
    0.86400E+00
    0.85527E+00
    0.84821E+00
    0.83778E+00
    0.82455E+00
    0.81403E+00
    0.80000E+00
    0.78933E+00
    0.78011E+00
    0.77387E+00
    0.76611E+00
    0.76368E+00
    0.76258E+00
    0.76463E+00
    0.76355E+00
    0.76509E+00
    0.76451E+00
    0.76607E+00
    0.76196E+00
    0.76317E+00
    0.75692E+00
    0.75152E+00
    0.74121E+00
    0.73517E+00
    0.72926E+00
    0.72049E+00
    0.71353E+00
    0.70846E+00
    0.70054E+00
    0.69273E+00
    0.68800E+00
    0.68137E+00
    0.67588E+00
    0.66949E+00
    0.66792E+00
    0.65937E+00
    0.65820E+00
    0.65532E+00
    0.65110E+00
    0.65074E+00
    0.64714E+00
    0.64670E+00
    0.64569E+00
    0.64641E+00
    0.64571E+00
    0.64488E+00
    0.64709E+00
    0.64532E+00
    0.64561E+00
    0.64640E+00
    0.64811E+00
    0.65102E+00
    0.65112E+00
    0.65318E+00
    0.65549E+00
    0.65691E+00
    0.65971E+00
    0.66101E+00
    0.65956E+00
    0.66309E+00
    0.66155E+00
    0.66007E+00
    0.65941E+00
    0.65708E+00
    0.65536E+00
    0.65313E+00
    0.65000E+00
    0.64616E+00
    0.64464E+00
    0.63940E+00
    0.63752E+00
    0.63401E+00
    0.63358E+00
    0.62532E+00
    0.62652E+00
    0.61887E+00
    0.61523E+00
    0.60762E+00
    0.60476E+00
    0.59591E+00
    0.59132E+00
    0.58265E+00
    0.57695E+00
    0.57211E+00
    0.56816E+00
    0.56344E+00
    0.56333E+00
    0.55970E+00
    0.55702E+00
    0.55616E+00
    0.55726E+00
    0.55781E+00
    0.55526E+00
    0.55383E+00
    0.55138E+00
    0.54738E+00
    0.54308E+00
    0.54165E+00
    0.53710E+00
    0.53133E+00
    0.52869E+00
    0.52416E+00
    0.52131E+00
    0.51680E+00
    0.51380E+00
    0.51322E+00
    0.51267E+00
    0.51044E+00
    0.51398E+00
    0.51384E+00
    0.51521E+00
    0.51588E+00
    0.51851E+00
    0.51872E+00
    0.52028E+00
    0.52526E+00
    0.52650E+00
    0.52705E+00
    0.52747E+00
    0.53172E+00
    0.53174E+00
    0.53265E+00
    0.53302E+00
    0.53226E+00
    0.53321E+00
    0.53354E+00
    0.53482E+00
    0.53736E+00
    0.54005E+00
    0.54178E+00
    0.54290E+00
    0.54496E+00
    0.54742E+00
    0.55189E+00
    0.55394E+00
    0.55797E+00
    0.56273E+00
    0.56613E+00
    0.57243E+00
    0.57611E+00
    0.58079E+00
    0.58635E+00
    0.59256E+00
    0.59566E+00
    0.60303E+00
    0.60710E+00
    0.60816E+00
    0.61052E+00
    0.61236E+00
    0.61240E+00
    0.61051E+00
    0.61189E+00
    0.60872E+00
    0.60879E+00
    0.60677E+00
    0.60392E+00
    0.60700E+00
    0.60704E+00
    0.60684E+00
    0.60674E+00
    0.61076E+00
    0.61303E+00
    0.61488E+00
    0.61951E+00
    0.62245E+00
    0.62416E+00
    0.62855E+00
    0.63035E+00
    0.63556E+00
    0.63627E+00
    0.63838E+00
    0.64364E+00
    0.64392E+00
    0.64361E+00
    0.64997E+00
    0.65292E+00
    0.65668E+00
    0.66067E+00
    0.66616E+00
    0.66849E+00
    0.67296E+00
    0.67628E+00
    0.67995E+00
    0.68059E+00
    0.68138E+00
    0.68079E+00
    0.68150E+00
    0.67689E+00
    0.67411E+00
    0.67050E+00
    0.66372E+00
    0.66086E+00
    0.65614E+00
    0.65246E+00
    0.64838E+00
    0.64442E+00
    0.64444E+00
    0.63975E+00
    0.63808E+00
    0.63508E+00
    0.63216E+00
    0.62872E+00
    0.62783E+00
    0.62346E+00
    0.62114E+00
    0.61964E+00
    0.61625E+00
    0.61391E+00
    0.61123E+00
    0.61133E+00
    0.61204E+00
    0.60979E+00
    0.61093E+00
    0.61186E+00
    0.61333E+00
    0.61401E+00
    0.61900E+00
    0.61960E+00
    0.62166E+00
    0.62420E+00
    0.62378E+00
    0.62422E+00
    0.62447E+00
    0.62220E+00
    0.62036E+00
    0.61794E+00
    0.61166E+00
    0.60880E+00
    0.60307E+00
    0.60039E+00
    0.59327E+00
    0.58764E+00
    0.58272E+00
    0.57912E+00
    0.57442E+00
    0.57077E+00
    0.56890E+00
    0.56800E+00
    0.56736E+00
    0.57068E+00
    0.57152E+00
    0.57542E+00
    0.58023E+00
    0.58334E+00
    0.59024E+00
    0.59514E+00
    0.60217E+00
    0.60898E+00
    0.61320E+00
    0.61953E+00
    0.62878E+00
    0.63373E+00
    0.64098E+00
    0.64724E+00
    0.65166E+00
    0.66047E+00
    0.66448E+00
    0.67230E+00
    0.67538E+00
    0.67860E+00
    0.68471E+00
    0.68363E+00
    0.68503E+00
    0.68310E+00
    0.68051E+00
    0.67287E+00
    0.66908E+00
    0.66327E+00
    0.65551E+00
    0.64985E+00
    0.64405E+00
    0.64198E+00
    0.64097E+00
    0.64197E+00
    0.64072E+00
