    0.55138E+00
    0.59201E+00
    0.61120E+00
    0.59054E+00
    0.55932E+00
    0.53773E+00
    0.52027E+00
    0.47483E+00
    0.44875E+00
    0.42076E+00
    0.40239E+00
    0.39567E+00
    0.38959E+00
    0.41723E+00
    0.43854E+00
    0.45404E+00
    0.46345E+00
    0.44836E+00
    0.44759E+00
    0.42556E+00
    0.42489E+00
    0.41756E+00
    0.41444E+00
    0.41107E+00
    0.41890E+00
    0.42530E+00
    0.46622E+00
    0.47872E+00
    0.49789E+00
    0.49045E+00
    0.52397E+00
    0.51410E+00
    0.50479E+00
    0.50027E+00
    0.53311E+00
    0.53412E+00
    0.53590E+00
    0.53604E+00
    0.51890E+00
    0.49733E+00
    0.49392E+00
    0.49757E+00
    0.46209E+00
    0.48460E+00
    0.45796E+00
    0.45291E+00
    0.43500E+00
    0.43818E+00
    0.40969E+00
    0.40120E+00
    0.41414E+00
    0.41759E+00
    0.42148E+00
    0.42724E+00
    0.42217E+00
    0.42881E+00
    0.40833E+00
    0.41116E+00
    0.40858E+00
    0.39403E+00
    0.38297E+00
    0.39768E+00
    0.39449E+00
    0.40196E+00
    0.40306E+00
    0.41658E+00
    0.40222E+00
    0.40539E+00
    0.40324E+00
    0.39761E+00
    0.40930E+00
    0.38309E+00
    0.38182E+00
    0.36654E+00
    0.37937E+00
    0.37430E+00
    0.38948E+00
    0.37880E+00
    0.40535E+00
    0.41193E+00
    0.41433E+00
    0.41195E+00
    0.42352E+00
    0.41308E+00
    0.41998E+00
    0.42318E+00
    0.42147E+00
    0.40516E+00
    0.39234E+00
    0.39121E+00
    0.39822E+00
    0.40038E+00
    0.36193E+00
    0.35150E+00
    0.35095E+00
    0.32795E+00
    0.32848E+00
    0.31751E+00
    0.31539E+00
    0.31953E+00
    0.31019E+00
    0.30971E+00
    0.32148E+00
    0.31252E+00
    0.32404E+00
    0.32197E+00
    0.32346E+00
    0.33951E+00
    0.33962E+00
    0.32632E+00
    0.33283E+00
    0.32799E+00
    0.33839E+00
    0.33765E+00
    0.33867E+00
    0.32092E+00
    0.32359E+00
    0.35311E+00
    0.34880E+00
    0.35011E+00
    0.36873E+00
    0.36947E+00
    0.38001E+00
    0.39184E+00
    0.37142E+00
    0.37905E+00
    0.39200E+00
    0.40212E+00
    0.41500E+00
    0.41050E+00
    0.42426E+00
    0.42927E+00
    0.42580E+00
    0.42280E+00
    0.42380E+00
    0.43169E+00
    0.42555E+00
    0.43341E+00
    0.42001E+00
    0.44086E+00
    0.42762E+00
    0.44972E+00
    0.45253E+00
    0.47155E+00
    0.46550E+00
    0.47906E+00
    0.49777E+00
    0.51282E+00
    0.49498E+00
    0.48670E+00
    0.46198E+00
    0.46035E+00
    0.44942E+00
    0.44215E+00
    0.44062E+00
    0.41521E+00
    0.40900E+00
    0.41450E+00
    0.39204E+00
    0.37699E+00
    0.37117E+00
    0.36078E+00
    0.35622E+00
    0.34141E+00
    0.33674E+00
    0.31871E+00
    0.33789E+00
    0.34228E+00
    0.33461E+00
    0.33127E+00
    0.33780E+00
    0.34820E+00
    0.33524E+00
    0.34835E+00
    0.35276E+00
    0.33851E+00
    0.33928E+00
    0.34719E+00
    0.35755E+00
    0.37978E+00
    0.36603E+00
    0.35763E+00
    0.32674E+00
    0.30632E+00
    0.29497E+00
    0.29336E+00
    0.25209E+00
    0.25035E+00
    0.25459E+00
    0.25115E+00
    0.26096E+00
    0.26921E+00
    0.26851E+00
    0.29143E+00
    0.29268E+00
    0.29914E+00
    0.29742E+00
    0.30715E+00
    0.30504E+00
    0.31524E+00
    0.30868E+00
    0.30275E+00
    0.30396E+00
    0.30350E+00
    0.29377E+00
    0.30167E+00
    0.30531E+00
    0.30457E+00
    0.32033E+00
    0.31971E+00
    0.30251E+00
    0.30476E+00
    0.31515E+00
    0.31156E+00
    0.30701E+00
    0.31045E+00
    0.31028E+00
    0.32006E+00
    0.32691E+00
    0.34272E+00
    0.34835E+00
    0.35039E+00
    0.35309E+00
    0.36219E+00
    0.34504E+00
    0.32032E+00
    0.31171E+00
    0.30749E+00
    0.29228E+00
    0.28368E+00
    0.27307E+00
    0.27932E+00
    0.28249E+00
    0.28190E+00
    0.26897E+00
    0.24627E+00
    0.23643E+00
    0.22111E+00
    0.20371E+00
    0.20413E+00
    0.20970E+00
    0.21306E+00
    0.21838E+00
    0.21538E+00
    0.21794E+00
    0.22592E+00
    0.23168E+00
    0.23827E+00
    0.22885E+00
    0.21682E+00
    0.21827E+00
    0.21194E+00
    0.21437E+00
    0.20297E+00
    0.21449E+00
    0.21196E+00
    0.21807E+00
    0.21182E+00
    0.21841E+00
    0.22551E+00
    0.24573E+00
    0.25850E+00
    0.25960E+00
    0.25435E+00
    0.25688E+00
    0.25727E+00
    0.25348E+00
    0.25177E+00
    0.24854E+00
    0.25799E+00
    0.27347E+00
    0.26308E+00
    0.25723E+00
    0.27024E+00
    0.24952E+00
    0.25653E+00
    0.24227E+00
    0.24116E+00
    0.23571E+00
    0.22685E+00
    0.23484E+00
    0.23803E+00
    0.22917E+00
    0.21614E+00
    0.21575E+00
    0.21439E+00
    0.20488E+00
    0.21165E+00
    0.21789E+00
    0.21868E+00
    0.21450E+00
    0.21693E+00
    0.21101E+00
    0.22558E+00
    0.20334E+00
    0.19061E+00
    0.18541E+00
    0.18488E+00
    0.17929E+00
    0.17324E+00
    0.17052E+00
    0.17576E+00
    0.18733E+00
    0.18869E+00
    0.20827E+00
    0.21222E+00
    0.21785E+00
    0.22731E+00
    0.23109E+00
    0.23491E+00
    0.23961E+00
    0.23936E+00
    0.24540E+00
    0.24120E+00
    0.24947E+00
    0.25405E+00
    0.26673E+00
    0.26197E+00
    0.25530E+00
    0.25131E+00
    0.25999E+00
    0.25422E+00
    0.26268E+00
    0.27892E+00
    0.27321E+00
    0.28386E+00
    0.27797E+00
    0.28668E+00
    0.27840E+00
    0.28717E+00
    0.27112E+00
    0.26304E+00
    0.26513E+00
    0.25560E+00
    0.25402E+00
    0.25902E+00
    0.26244E+00
    0.27045E+00
    0.26896E+00
    0.26288E+00
    0.27334E+00
    0.27441E+00
    0.29032E+00
    0.28089E+00
    0.28978E+00
    0.28332E+00
    0.28393E+00
    0.28722E+00
    0.28068E+00
    0.26567E+00
    0.25703E+00
    0.25761E+00
    0.24546E+00
    0.23703E+00
    0.22277E+00
    0.20909E+00
    0.20805E+00
    0.20083E+00
    0.19442E+00
    0.20459E+00
    0.18361E+00
    0.17994E+00
    0.18318E+00
    0.17799E+00
    0.16814E+00
    0.16194E+00
    0.15424E+00
    0.17133E+00
    0.16452E+00
    0.16222E+00
    0.17106E+00
    0.17637E+00
    0.17592E+00
    0.17672E+00
    0.17398E+00
    0.19064E+00
    0.17925E+00
    0.17468E+00
    0.17843E+00
    0.17546E+00
    0.19056E+00
    0.18231E+00
    0.18260E+00
    0.19476E+00
    0.19471E+00
    0.20213E+00
    0.20391E+00
    0.18952E+00
    0.18910E+00
    0.19910E+00
    0.19935E+00
    0.20091E+00
    0.20902E+00
    0.20224E+00
    0.20370E+00
    0.20120E+00
    0.21205E+00
    0.20834E+00
    0.21397E+00
    0.22116E+00
    0.22580E+00
    0.22077E+00
    0.22557E+00
    0.23397E+00
    0.22571E+00
    0.23124E+00
    0.23679E+00
    0.23187E+00
    0.25491E+00
    0.24076E+00
    0.24129E+00
    0.24248E+00
    0.26165E+00
    0.25372E+00
    0.26474E+00
    0.27294E+00
    0.28829E+00
    0.28116E+00
    0.28618E+00
    0.27592E+00
    0.27708E+00
    0.28032E+00
    0.28519E+00
    0.27664E+00
    0.28474E+00
    0.29163E+00
    0.31374E+00
    0.31088E+00
    0.31791E+00
    0.31397E+00
    0.32657E+00
    0.32371E+00
    0.33665E+00
    0.36028E+00
    0.37485E+00
    0.36565E+00
    0.37751E+00
    0.39145E+00
    0.38350E+00
    0.37625E+00
    0.37298E+00
    0.37948E+00
    0.37030E+00
    0.37763E+00
    0.37272E+00
    0.37203E+00
    0.37176E+00
    0.36837E+00
    0.38327E+00
    0.38445E+00
    0.38725E+00
    0.38259E+00
    0.38540E+00
    0.38445E+00
    0.39259E+00
    0.41444E+00
    0.41904E+00
    0.41629E+00
    0.42822E+00
    0.43172E+00
    0.42887E+00
    0.43859E+00
    0.43437E+00
    0.41854E+00
    0.42699E+00
    0.42390E+00
    0.42264E+00
    0.41166E+00
    0.41984E+00
    0.43153E+00
    0.43902E+00
    0.42991E+00
    0.43914E+00
    0.43914E+00
    0.44696E+00
    0.44360E+00
    0.45247E+00
    0.44973E+00
    0.45212E+00
    0.45272E+00
    0.46646E+00
    0.47150E+00
    0.46856E+00
    0.46082E+00
    0.45445E+00
    0.46745E+00
    0.47646E+00
    0.46586E+00
    0.45129E+00
    0.46331E+00
    0.46697E+00
    0.46017E+00
    0.46503E+00
    0.46710E+00
    0.47623E+00
    0.48071E+00
    0.48505E+00
    0.49076E+00
    0.49425E+00
    0.51470E+00
    0.49966E+00
    0.51341E+00
    0.52238E+00
    0.52297E+00
    0.53481E+00
    0.53953E+00
    0.53923E+00
    0.53980E+00
    0.56735E+00
    0.55408E+00
    0.55925E+00
    0.56122E+00
    0.56447E+00
    0.53628E+00
    0.52163E+00
    0.51718E+00
    0.50496E+00
    0.49776E+00
    0.50282E+00
    0.49273E+00
    0.47466E+00
    0.48147E+00
    0.48395E+00
    0.47856E+00
    0.48172E+00
    0.49352E+00
    0.48704E+00
    0.48637E+00
    0.49565E+00
    0.49377E+00
    0.50699E+00
    0.51571E+00
    0.51265E+00
    0.49458E+00
    0.51750E+00
    0.51244E+00
    0.51131E+00
    0.49055E+00
    0.49406E+00
    0.49810E+00
    0.49291E+00
    0.48393E+00
    0.50354E+00
    0.52961E+00
    0.52685E+00
    0.51776E+00
    0.54603E+00
    0.53450E+00
    0.52203E+00
    0.53188E+00
    0.50868E+00
    0.48311E+00
    0.47252E+00
    0.48127E+00
    0.45470E+00
    0.45728E+00
    0.46185E+00
    0.45454E+00
    0.43308E+00
    0.44122E+00
    0.43171E+00
    0.44439E+00
    0.42445E+00
    0.43762E+00
    0.44426E+00
    0.40704E+00
    0.40399E+00
    0.40284E+00
    0.37532E+00
    0.39105E+00
    0.39060E+00
    0.38861E+00
    0.40813E+00
    0.41075E+00
    0.41497E+00
    0.41986E+00
    0.43524E+00
    0.44027E+00
    0.45232E+00
    0.46214E+00
    0.47985E+00
    0.48032E+00
    0.50715E+00
    0.48159E+00
    0.49066E+00
    0.49662E+00
    0.47742E+00
    0.50953E+00
    0.50840E+00
    0.49882E+00
    0.50160E+00
    0.48201E+00
    0.45395E+00
    0.42679E+00
    0.41113E+00
    0.39748E+00
    0.36927E+00
    0.37523E+00
    0.38177E+00
    0.39485E+00
    0.41472E+00
    0.42953E+00
    0.42870E+00
    0.43304E+00
    0.44613E+00
    0.44217E+00
    0.44754E+00
    0.44290E+00
    0.45548E+00
    0.45997E+00
    0.48042E+00
    0.51231E+00
    0.52983E+00
    0.52142E+00
    0.49967E+00
    0.49391E+00
    0.47801E+00
    0.48188E+00
    0.50290E+00
    0.50793E+00
    0.50761E+00
    0.53128E+00
    0.54356E+00
    0.54097E+00
    0.54625E+00
    0.53111E+00
    0.52523E+00
    0.53162E+00
    0.49827E+00
    0.49701E+00
    0.45951E+00
    0.44040E+00
    0.41433E+00
    0.39090E+00
    0.37162E+00
    0.38614E+00
    0.39787E+00
    0.42674E+00
    0.46039E+00
    0.48602E+00
