    0.56254E+00
    0.56180E+00
    0.56156E+00
    0.56407E+00
    0.56341E+00
    0.56303E+00
    0.56417E+00
    0.56619E+00
    0.56562E+00
    0.56768E+00
    0.56647E+00
    0.56721E+00
    0.56806E+00
    0.57188E+00
    0.57109E+00
    0.57456E+00
    0.57188E+00
    0.57529E+00
    0.57781E+00
    0.57807E+00
    0.57933E+00
    0.58131E+00
    0.58274E+00
    0.58335E+00
    0.58452E+00
    0.58589E+00
    0.58622E+00
    0.58600E+00
    0.58626E+00
    0.58492E+00
    0.58309E+00
    0.58166E+00
    0.57995E+00
    0.57750E+00
    0.57486E+00
    0.57059E+00
    0.56593E+00
    0.56236E+00
    0.55479E+00
    0.55169E+00
    0.54844E+00
    0.54430E+00
    0.53818E+00
    0.53425E+00
    0.52514E+00
    0.52313E+00
    0.51759E+00
    0.51296E+00
    0.50741E+00
    0.50402E+00
    0.49882E+00
    0.49499E+00
    0.49062E+00
    0.48634E+00
    0.48451E+00
    0.47876E+00
    0.47481E+00
    0.47395E+00
    0.47018E+00
    0.46739E+00
    0.46379E+00
    0.46147E+00
    0.46008E+00
    0.45768E+00
    0.45523E+00
    0.45299E+00
    0.45128E+00
    0.44914E+00
    0.44642E+00
    0.44516E+00
    0.44323E+00
    0.44362E+00
    0.44072E+00
    0.44080E+00
    0.44155E+00
    0.43964E+00
    0.43921E+00
    0.43871E+00
    0.44094E+00
    0.44136E+00
    0.44112E+00
    0.44073E+00
    0.44228E+00
    0.44019E+00
    0.44309E+00
    0.44194E+00
    0.44132E+00
    0.44117E+00
    0.43760E+00
    0.43935E+00
    0.43859E+00
    0.43649E+00
    0.43619E+00
    0.43374E+00
    0.43383E+00
    0.43220E+00
    0.43087E+00
    0.42911E+00
    0.42904E+00
    0.42988E+00
    0.42720E+00
    0.42606E+00
    0.42802E+00
    0.42728E+00
    0.42724E+00
    0.42912E+00
    0.42824E+00
    0.43132E+00
    0.43150E+00
    0.43159E+00
    0.43281E+00
    0.43605E+00
    0.43596E+00
    0.43802E+00
    0.43933E+00
    0.44288E+00
    0.44495E+00
    0.44810E+00
    0.45147E+00
    0.45183E+00
    0.45549E+00
    0.45694E+00
    0.46071E+00
    0.46332E+00
    0.46535E+00
    0.46664E+00
    0.46757E+00
    0.47254E+00
    0.47271E+00
    0.47514E+00
    0.47817E+00
    0.47922E+00
    0.47964E+00
    0.48066E+00
    0.48054E+00
    0.48192E+00
    0.48200E+00
    0.48241E+00
    0.48328E+00
    0.48273E+00
    0.48304E+00
    0.48161E+00
    0.48260E+00
    0.48150E+00
    0.47965E+00
    0.47921E+00
    0.47843E+00
    0.47871E+00
    0.47755E+00
    0.47388E+00
    0.47352E+00
    0.47186E+00
    0.47059E+00
    0.46847E+00
    0.46655E+00
    0.46467E+00
    0.46354E+00
    0.46268E+00
    0.45915E+00
    0.45576E+00
    0.45237E+00
    0.45078E+00
    0.44623E+00
    0.44476E+00
    0.44272E+00
    0.43875E+00
    0.43533E+00
    0.43173E+00
    0.42889E+00
    0.42400E+00
    0.42161E+00
    0.41495E+00
    0.41034E+00
    0.40770E+00
    0.40197E+00
    0.39621E+00
    0.39112E+00
    0.38388E+00
    0.37776E+00
    0.37204E+00
    0.36363E+00
    0.35715E+00
    0.34913E+00
    0.34206E+00
    0.33522E+00
    0.32855E+00
    0.32288E+00
    0.31886E+00
    0.31567E+00
    0.31404E+00
    0.31469E+00
    0.31572E+00
    0.31613E+00
    0.32118E+00
    0.32323E+00
    0.32483E+00
    0.33014E+00
    0.33449E+00
    0.33746E+00
    0.34147E+00
    0.34664E+00
    0.34791E+00
    0.35175E+00
    0.35415E+00
    0.35673E+00
    0.35966E+00
    0.36287E+00
    0.36228E+00
    0.36329E+00
    0.36190E+00
    0.36311E+00
    0.36117E+00
    0.36197E+00
    0.35892E+00
    0.35750E+00
    0.35460E+00
    0.35331E+00
    0.35093E+00
    0.35067E+00
    0.34808E+00
    0.34593E+00
    0.34310E+00
    0.33853E+00
    0.33447E+00
    0.32977E+00
    0.32583E+00
    0.31867E+00
    0.31227E+00
    0.30620E+00
    0.30076E+00
    0.29700E+00
    0.28958E+00
    0.28462E+00
    0.27780E+00
    0.27189E+00
    0.26511E+00
    0.26066E+00
    0.25627E+00
    0.25072E+00
    0.24796E+00
    0.24731E+00
    0.24529E+00
    0.24530E+00
    0.24486E+00
    0.24590E+00
    0.24816E+00
    0.24802E+00
    0.24998E+00
    0.25139E+00
    0.25353E+00
    0.25577E+00
    0.25682E+00
    0.25883E+00
    0.26185E+00
    0.26395E+00
    0.26655E+00
    0.27074E+00
    0.27513E+00
    0.27647E+00
    0.27988E+00
    0.28175E+00
    0.28331E+00
    0.28619E+00
    0.28739E+00
    0.28871E+00
    0.28902E+00
    0.28832E+00
    0.28848E+00
    0.28815E+00
    0.28634E+00
    0.28391E+00
    0.28452E+00
    0.28204E+00
    0.28054E+00
    0.27742E+00
    0.27590E+00
    0.27412E+00
    0.27166E+00
    0.26876E+00
    0.26700E+00
    0.26501E+00
    0.26249E+00
    0.26139E+00
    0.25934E+00
    0.25598E+00
    0.25517E+00
    0.25328E+00
    0.25113E+00
    0.25025E+00
    0.24884E+00
    0.24791E+00
    0.24652E+00
    0.24609E+00
    0.24525E+00
    0.24562E+00
    0.24553E+00
    0.24522E+00
    0.24635E+00
    0.24876E+00
    0.24871E+00
    0.25128E+00
    0.25514E+00
    0.25632E+00
    0.26128E+00
    0.26428E+00
    0.26854E+00
    0.27101E+00
    0.27530E+00
    0.28013E+00
    0.28427E+00
    0.28750E+00
    0.29189E+00
    0.29435E+00
    0.29878E+00
    0.30029E+00
    0.30236E+00
    0.30597E+00
    0.30872E+00
    0.30975E+00
    0.31186E+00
    0.31306E+00
    0.31263E+00
    0.31489E+00
    0.31514E+00
    0.31422E+00
    0.31453E+00
    0.31489E+00
    0.31400E+00
    0.31182E+00
    0.31082E+00
    0.31000E+00
    0.30711E+00
    0.30695E+00
    0.30497E+00
    0.30348E+00
    0.30090E+00
    0.29966E+00
    0.30022E+00
    0.29879E+00
    0.29796E+00
    0.29698E+00
    0.29522E+00
    0.29434E+00
    0.29322E+00
    0.29191E+00
    0.28886E+00
    0.28595E+00
    0.28397E+00
    0.27947E+00
    0.27622E+00
    0.27188E+00
    0.26685E+00
    0.26117E+00
    0.25453E+00
    0.24634E+00
    0.24374E+00
    0.24139E+00
    0.23752E+00
    0.23617E+00
    0.23090E+00
    0.22188E+00
    0.21375E+00
    0.20818E+00
    0.20246E+00
    0.19073E+00
    0.18789E+00
    0.18928E+00
    0.19958E+00
    0.20342E+00
    0.20863E+00
    0.21351E+00
    0.21848E+00
    0.22407E+00
    0.22495E+00
    0.22908E+00
    0.23180E+00
    0.23508E+00
    0.23685E+00
    0.24012E+00
    0.24235E+00
    0.24430E+00
    0.24755E+00
    0.25105E+00
    0.25314E+00
    0.25622E+00
    0.25844E+00
    0.26150E+00
    0.26467E+00
    0.26770E+00
    0.26960E+00
    0.26951E+00
    0.27269E+00
    0.27565E+00
    0.27888E+00
    0.28130E+00
    0.28619E+00
    0.28868E+00
    0.29157E+00
    0.29465E+00
    0.29933E+00
    0.30358E+00
    0.30787E+00
    0.31326E+00
    0.31681E+00
    0.32122E+00
    0.32617E+00
    0.33250E+00
    0.33774E+00
    0.34293E+00
    0.34733E+00
    0.35177E+00
    0.35963E+00
    0.36175E+00
    0.36715E+00
    0.37110E+00
    0.37512E+00
    0.38096E+00
    0.38475E+00
    0.38973E+00
    0.39486E+00
    0.39928E+00
    0.40392E+00
    0.40828E+00
    0.41577E+00
    0.42008E+00
    0.42650E+00
    0.42965E+00
    0.43618E+00
    0.44352E+00
    0.44972E+00
    0.45512E+00
    0.46326E+00
    0.46894E+00
    0.47443E+00
    0.48009E+00
    0.48611E+00
    0.49176E+00
    0.49648E+00
    0.50459E+00
    0.50839E+00
    0.51479E+00
    0.52119E+00
    0.52377E+00
    0.52975E+00
    0.53622E+00
    0.54161E+00
    0.54700E+00
    0.55099E+00
    0.55384E+00
    0.55983E+00
    0.55997E+00
    0.56370E+00
    0.56454E+00
    0.56897E+00
    0.57347E+00
    0.57717E+00
    0.58078E+00
    0.58590E+00
    0.59060E+00
    0.59585E+00
    0.60443E+00
    0.61335E+00
    0.61862E+00
    0.62433E+00
    0.63408E+00
    0.63892E+00
    0.64438E+00
    0.64881E+00
    0.65209E+00
    0.65613E+00
    0.65901E+00
    0.66002E+00
    0.65912E+00
    0.65770E+00
    0.65449E+00
    0.65307E+00
    0.65168E+00
    0.64834E+00
    0.64612E+00
    0.64534E+00
    0.64073E+00
    0.63919E+00
    0.63451E+00
    0.63077E+00
    0.63039E+00
    0.63011E+00
    0.63297E+00
    0.63454E+00
    0.64017E+00
    0.64502E+00
    0.64847E+00
    0.65313E+00
    0.65833E+00
    0.65955E+00
    0.66068E+00
    0.66214E+00
    0.66263E+00
    0.66169E+00
    0.66195E+00
    0.65869E+00
    0.65705E+00
    0.65811E+00
    0.65436E+00
    0.65414E+00
    0.64899E+00
    0.64825E+00
    0.64320E+00
    0.63995E+00
    0.63703E+00
    0.63550E+00
    0.63137E+00
    0.62854E+00
    0.62464E+00
    0.62560E+00
    0.62275E+00
    0.62201E+00
    0.62053E+00
    0.62042E+00
    0.61825E+00
    0.61617E+00
    0.61616E+00
    0.61222E+00
    0.60992E+00
    0.60531E+00
    0.59986E+00
    0.59782E+00
    0.59339E+00
    0.58979E+00
    0.58722E+00
    0.58239E+00
    0.58053E+00
    0.57806E+00
    0.57715E+00
    0.57433E+00
    0.57424E+00
    0.57202E+00
    0.57045E+00
    0.56964E+00
    0.56878E+00
    0.56577E+00
    0.56447E+00
    0.56207E+00
    0.55977E+00
    0.55887E+00
    0.55597E+00
    0.55398E+00
    0.55162E+00
    0.54973E+00
    0.54904E+00
    0.54833E+00
    0.54410E+00
    0.54363E+00
    0.54289E+00
    0.54066E+00
    0.53797E+00
    0.53822E+00
    0.53754E+00
    0.53541E+00
    0.53430E+00
    0.53116E+00
    0.53004E+00
    0.52871E+00
    0.52757E+00
    0.52681E+00
    0.52626E+00
    0.52603E+00
    0.52620E+00
    0.52536E+00
    0.52503E+00
    0.52662E+00
    0.52887E+00
    0.53156E+00
    0.53198E+00
    0.53496E+00
    0.53567E+00
    0.53811E+00
    0.54052E+00
    0.54292E+00
    0.54571E+00
    0.54916E+00
    0.55041E+00
    0.55152E+00
    0.55274E+00
    0.55637E+00
    0.55591E+00
    0.55763E+00
    0.56032E+00
    0.56195E+00
    0.56535E+00
    0.56650E+00
    0.56914E+00
    0.56925E+00
    0.57073E+00
    0.57276E+00
    0.57386E+00
    0.57598E+00
    0.57954E+00
    0.58087E+00
    0.58298E+00
    0.58484E+00
    0.58590E+00
    0.58728E+00
    0.58934E+00
    0.58821E+00
    0.58948E+00
    0.58962E+00
    0.59049E+00
    0.58913E+00
    0.58918E+00
    0.58741E+00
    0.58629E+00
    0.58644E+00
    0.58396E+00
    0.58203E+00
    0.57920E+00
    0.57812E+00
    0.57507E+00
    0.57454E+00
    0.57169E+00
    0.57070E+00
    0.56823E+00
    0.56796E+00
    0.56584E+00
    0.56502E+00
    0.56494E+00
    0.56018E+00
    0.56057E+00
    0.56009E+00
    0.56028E+00
    0.55987E+00
    0.55959E+00
    0.55837E+00
    0.55803E+00
    0.55777E+00
    0.55993E+00
    0.55846E+00
    0.56037E+00
    0.56057E+00
    0.56258E+00
    0.56098E+00
