    0.67212E+00
    0.69576E+00
    0.70599E+00
    0.68736E+00
    0.67799E+00
    0.63644E+00
    0.61599E+00
    0.58192E+00
    0.55646E+00
    0.52809E+00
    0.51258E+00
    0.50598E+00
    0.50509E+00
    0.51346E+00
    0.52834E+00
    0.56060E+00
    0.55917E+00
    0.56330E+00
    0.54718E+00
    0.53090E+00
    0.52249E+00
    0.52094E+00
    0.51284E+00
    0.51283E+00
    0.51353E+00
    0.52939E+00
    0.55759E+00
    0.57772E+00
    0.60746E+00
    0.61110E+00
    0.61151E+00
    0.61271E+00
    0.61512E+00
    0.61698E+00
    0.63099E+00
    0.64567E+00
    0.64040E+00
    0.62687E+00
    0.62053E+00
    0.60311E+00
    0.59601E+00
    0.59657E+00
    0.57510E+00
    0.58380E+00
    0.55659E+00
    0.56292E+00
    0.54708E+00
    0.54835E+00
    0.52857E+00
    0.52452E+00
    0.52802E+00
    0.52138E+00
    0.53161E+00
    0.52722E+00
    0.53374E+00
    0.53829E+00
    0.52389E+00
    0.51585E+00
    0.52379E+00
    0.51115E+00
    0.49879E+00
    0.49568E+00
    0.50280E+00
    0.51179E+00
    0.51732E+00
    0.51735E+00
    0.52366E+00
    0.52327E+00
    0.51768E+00
    0.52798E+00
    0.51656E+00
    0.50862E+00
    0.49492E+00
    0.49304E+00
    0.48619E+00
    0.48848E+00
    0.49643E+00
    0.49992E+00
    0.50512E+00
    0.51094E+00
    0.52187E+00
    0.52176E+00
    0.51902E+00
    0.52065E+00
    0.52259E+00
    0.52076E+00
    0.50385E+00
    0.50194E+00
    0.49796E+00
    0.48968E+00
    0.48697E+00
    0.48838E+00
    0.47320E+00
    0.45884E+00
    0.45766E+00
    0.44589E+00
    0.43814E+00
    0.44044E+00
    0.43170E+00
    0.41577E+00
    0.41180E+00
    0.42914E+00
    0.42588E+00
    0.42873E+00
    0.42605E+00
    0.42490E+00
    0.43407E+00
    0.44132E+00
    0.45138E+00
    0.44051E+00
    0.44171E+00
    0.43338E+00
    0.43469E+00
    0.43210E+00
    0.43343E+00
    0.43291E+00
    0.44153E+00
    0.43952E+00
    0.44759E+00
    0.44521E+00
    0.46438E+00
    0.48464E+00
    0.47022E+00
    0.48377E+00
    0.48065E+00
    0.48552E+00
    0.49165E+00
    0.49724E+00
    0.50603E+00
    0.50141E+00
    0.50991E+00
    0.51851E+00
    0.52873E+00
    0.51904E+00
    0.51960E+00
    0.52354E+00
    0.52755E+00
    0.53601E+00
    0.53173E+00
    0.53572E+00
    0.52841E+00
    0.53911E+00
    0.54509E+00
    0.56130E+00
    0.57581E+00
    0.58116E+00
    0.59584E+00
    0.59047E+00
    0.58186E+00
    0.56771E+00
    0.55882E+00
    0.54864E+00
    0.53424E+00
    0.51757E+00
    0.52323E+00
    0.51620E+00
    0.50526E+00
    0.50961E+00
    0.50050E+00
    0.48215E+00
    0.47059E+00
    0.46734E+00
    0.45067E+00
    0.44386E+00
    0.43531E+00
    0.43905E+00
    0.43510E+00
    0.44182E+00
    0.43386E+00
    0.42798E+00
    0.42889E+00
    0.42972E+00
    0.44412E+00
    0.45690E+00
    0.45020E+00
    0.44319E+00
    0.45200E+00
    0.44228E+00
    0.45039E+00
    0.46027E+00
    0.44468E+00
    0.44275E+00
    0.41688E+00
    0.40729E+00
    0.40452E+00
    0.38726E+00
    0.36720E+00
    0.35793E+00
    0.35315E+00
    0.36643E+00
    0.36584E+00
    0.38027E+00
    0.37371E+00
    0.38294E+00
    0.38071E+00
    0.38449E+00
    0.39056E+00
    0.39854E+00
    0.41788E+00
    0.40591E+00
    0.40345E+00
    0.39888E+00
    0.40446E+00
    0.39469E+00
    0.39224E+00
    0.39924E+00
    0.41068E+00
    0.40773E+00
    0.40582E+00
    0.41465E+00
    0.40664E+00
    0.39954E+00
    0.40763E+00
    0.40296E+00
    0.40357E+00
    0.40562E+00
    0.41130E+00
    0.41454E+00
    0.42014E+00
    0.42623E+00
    0.43681E+00
    0.44707E+00
    0.43551E+00
    0.44269E+00
    0.42697E+00
    0.40618E+00
    0.39476E+00
    0.38221E+00
    0.37438E+00
    0.37096E+00
    0.36026E+00
    0.37332E+00
    0.36214E+00
    0.36418E+00
    0.35635E+00
    0.34340E+00
    0.33168E+00
    0.31308E+00
    0.30523E+00
    0.31015E+00
    0.30798E+00
    0.29806E+00
    0.30783E+00
    0.31022E+00
    0.31397E+00
    0.30521E+00
    0.31815E+00
    0.32052E+00
    0.31969E+00
    0.30887E+00
    0.30489E+00
    0.30741E+00
    0.29628E+00
    0.30665E+00
    0.29895E+00
    0.29981E+00
    0.30175E+00
    0.31139E+00
    0.30866E+00
    0.32815E+00
    0.33165E+00
    0.33796E+00
    0.34100E+00
    0.34040E+00
    0.34490E+00
    0.33565E+00
    0.32942E+00
    0.34160E+00
    0.33850E+00
    0.34480E+00
    0.34020E+00
    0.34447E+00
    0.33943E+00
    0.33947E+00
    0.34177E+00
    0.33444E+00
    0.32465E+00
    0.32457E+00
    0.32364E+00
    0.32212E+00
    0.31919E+00
    0.31520E+00
    0.31725E+00
    0.30354E+00
    0.30082E+00
    0.29946E+00
    0.29763E+00
    0.30528E+00
    0.30206E+00
    0.30732E+00
    0.30268E+00
    0.30533E+00
    0.30281E+00
    0.30082E+00
    0.29454E+00
    0.28185E+00
    0.27741E+00
    0.27811E+00
    0.27193E+00
    0.27523E+00
    0.26837E+00
    0.26465E+00
    0.27534E+00
    0.28431E+00
    0.28692E+00
    0.29827E+00
    0.29860E+00
    0.30885E+00
    0.30820E+00
    0.31407E+00
    0.32058E+00
    0.32281E+00
    0.32643E+00
    0.32833E+00
    0.33195E+00
    0.33306E+00
    0.33785E+00
    0.33737E+00
    0.33183E+00
    0.34651E+00
    0.34147E+00
    0.34650E+00
    0.34737E+00
    0.35629E+00
    0.35575E+00
    0.36606E+00
    0.36257E+00
    0.36452E+00
    0.35702E+00
    0.35343E+00
    0.35407E+00
    0.34135E+00
    0.33912E+00
    0.34091E+00
    0.33562E+00
    0.33626E+00
    0.33828E+00
    0.34217E+00
    0.34446E+00
    0.34382E+00
    0.35457E+00
    0.36186E+00
    0.35779E+00
    0.36198E+00
    0.36384E+00
    0.36837E+00
    0.35527E+00
    0.34850E+00
    0.35234E+00
    0.35099E+00
    0.34412E+00
    0.33746E+00
    0.32329E+00
    0.31421E+00
    0.29731E+00
    0.29524E+00
    0.28737E+00
    0.28715E+00
    0.28643E+00
    0.28516E+00
    0.27788E+00
    0.26481E+00
    0.25832E+00
    0.25955E+00
    0.25252E+00
    0.24724E+00
    0.24209E+00
    0.25294E+00
    0.24835E+00
    0.25636E+00
    0.25778E+00
    0.26164E+00
    0.25771E+00
    0.26109E+00
    0.26528E+00
    0.26738E+00
    0.26533E+00
    0.26660E+00
    0.26207E+00
    0.25905E+00
    0.26742E+00
    0.27382E+00
    0.26942E+00
    0.27582E+00
    0.28599E+00
    0.28627E+00
    0.27998E+00
    0.28192E+00
    0.27597E+00
    0.27587E+00
    0.27527E+00
    0.27154E+00
    0.28679E+00
    0.28873E+00
    0.29008E+00
    0.29761E+00
    0.29395E+00
    0.29842E+00
    0.29340E+00
    0.29963E+00
    0.30572E+00
    0.30553E+00
    0.31714E+00
    0.31266E+00
    0.31774E+00
    0.32331E+00
    0.32533E+00
    0.33899E+00
    0.33108E+00
    0.34151E+00
    0.33355E+00
    0.33749E+00
    0.34268E+00
    0.34703E+00
    0.34466E+00
    0.35138E+00
    0.36713E+00
    0.36976E+00
    0.37441E+00
    0.37232E+00
    0.37943E+00
    0.36830E+00
    0.37253E+00
    0.37384E+00
    0.38470E+00
    0.38155E+00
    0.39687E+00
    0.39578E+00
    0.40802E+00
    0.40396E+00
    0.41493E+00
    0.41405E+00
    0.43349E+00
    0.44448E+00
    0.44881E+00
    0.44816E+00
    0.45738E+00
    0.46660E+00
    0.46159E+00
    0.46915E+00
    0.46416E+00
    0.47987E+00
    0.46854E+00
    0.47302E+00
    0.47874E+00
    0.46978E+00
    0.46628E+00
    0.46992E+00
    0.47918E+00
    0.47663E+00
    0.48226E+00
    0.47413E+00
    0.49067E+00
    0.49926E+00
    0.49719E+00
    0.49659E+00
    0.49876E+00
    0.50958E+00
    0.52557E+00
    0.51601E+00
    0.52611E+00
    0.52561E+00
    0.51879E+00
    0.52040E+00
    0.51949E+00
    0.51146E+00
    0.51866E+00
    0.51065E+00
    0.50385E+00
    0.51472E+00
    0.52702E+00
    0.52709E+00
    0.53400E+00
    0.53416E+00
    0.53594E+00
    0.53686E+00
    0.53395E+00
    0.54958E+00
    0.54535E+00
    0.55793E+00
    0.55669E+00
    0.56251E+00
    0.57483E+00
    0.56140E+00
    0.56611E+00
    0.57109E+00
    0.56466E+00
    0.56952E+00
    0.55476E+00
    0.56200E+00
    0.56648E+00
    0.56379E+00
    0.56576E+00
    0.57176E+00
    0.57008E+00
    0.58215E+00
    0.58132E+00
    0.59072E+00
    0.60163E+00
    0.60169E+00
    0.62265E+00
    0.62328E+00
    0.62938E+00
    0.62735E+00
    0.63444E+00
    0.64708E+00
    0.65721E+00
    0.65717E+00
    0.65991E+00
    0.65880E+00
    0.66397E+00
    0.66171E+00
    0.65623E+00
    0.65016E+00
    0.64276E+00
    0.62733E+00
    0.61997E+00
    0.60503E+00
    0.58584E+00
    0.58823E+00
    0.59289E+00
    0.59906E+00
    0.59089E+00
    0.59831E+00
    0.60072E+00
    0.60632E+00
    0.60557E+00
    0.60332E+00
    0.61105E+00
    0.61336E+00
    0.60973E+00
    0.61612E+00
    0.60820E+00
    0.60133E+00
    0.61357E+00
    0.61229E+00
    0.61174E+00
    0.60720E+00
    0.59525E+00
    0.59977E+00
    0.60710E+00
    0.60805E+00
    0.62728E+00
    0.63360E+00
    0.63873E+00
    0.64472E+00
    0.64756E+00
    0.64270E+00
    0.64058E+00
    0.62428E+00
    0.61358E+00
    0.60643E+00
    0.58971E+00
    0.58380E+00
    0.56663E+00
    0.57503E+00
    0.56053E+00
    0.56317E+00
    0.55671E+00
    0.55876E+00
    0.55237E+00
    0.55336E+00
    0.54044E+00
    0.54810E+00
    0.53562E+00
    0.53405E+00
    0.51922E+00
    0.51116E+00
    0.50824E+00
    0.50421E+00
    0.49968E+00
    0.51119E+00
    0.51244E+00
    0.51163E+00
    0.53577E+00
    0.52779E+00
    0.53325E+00
    0.53346E+00
    0.54542E+00
    0.56728E+00
    0.58788E+00
    0.58334E+00
    0.59743E+00
    0.59376E+00
    0.58448E+00
    0.59278E+00
    0.59952E+00
    0.59378E+00
    0.60710E+00
    0.60100E+00
    0.58961E+00
    0.58096E+00
    0.55146E+00
    0.53077E+00
    0.52232E+00
    0.50820E+00
    0.49472E+00
    0.48196E+00
    0.48071E+00
    0.49727E+00
    0.50818E+00
    0.52165E+00
    0.51912E+00
    0.54998E+00
    0.53469E+00
    0.54406E+00
    0.54604E+00
    0.55790E+00
    0.56670E+00
    0.57372E+00
    0.59034E+00
    0.61448E+00
    0.62678E+00
    0.62373E+00
    0.61313E+00
    0.59816E+00
    0.58663E+00
    0.59025E+00
    0.60234E+00
    0.61133E+00
    0.61919E+00
    0.64972E+00
    0.65376E+00
    0.65472E+00
    0.64555E+00
    0.63876E+00
    0.63542E+00
    0.63288E+00
    0.61567E+00
    0.58709E+00
    0.56937E+00
    0.54599E+00
    0.51611E+00
    0.49826E+00
    0.48304E+00
    0.48996E+00
    0.51105E+00
    0.53615E+00
    0.57053E+00
    0.59917E+00
