    0.56012E+00
    0.58007E+00
    0.59627E+00
    0.58699E+00
    0.56473E+00
    0.55802E+00
    0.51831E+00
    0.50683E+00
    0.48192E+00
    0.46093E+00
    0.45663E+00
    0.42027E+00
    0.41120E+00
    0.40854E+00
    0.41938E+00
    0.41944E+00
    0.44064E+00
    0.45833E+00
    0.47133E+00
    0.46360E+00
    0.42937E+00
    0.39829E+00
    0.40146E+00
    0.38194E+00
    0.35289E+00
    0.34799E+00
    0.37504E+00
    0.41663E+00
    0.42428E+00
    0.42015E+00
    0.42916E+00
    0.44167E+00
    0.42554E+00
    0.41093E+00
    0.44137E+00
    0.47197E+00
    0.48842E+00
    0.49382E+00
    0.50607E+00
    0.50138E+00
    0.49693E+00
    0.49561E+00
    0.51515E+00
    0.53486E+00
    0.53367E+00
    0.56173E+00
    0.54997E+00
    0.54434E+00
    0.54325E+00
    0.53884E+00
    0.52929E+00
    0.52763E+00
    0.49305E+00
    0.52408E+00
    0.55390E+00
    0.55133E+00
    0.55421E+00
    0.57344E+00
    0.57470E+00
    0.59204E+00
    0.58594E+00
    0.57842E+00
    0.55425E+00
    0.50058E+00
    0.48484E+00
    0.48921E+00
    0.52175E+00
    0.54361E+00
    0.57844E+00
    0.60887E+00
    0.66399E+00
    0.69912E+00
    0.70932E+00
    0.70446E+00
    0.71285E+00
    0.70955E+00
    0.70555E+00
    0.69014E+00
    0.67703E+00
    0.64673E+00
    0.56709E+00
    0.53424E+00
    0.53063E+00
    0.55362E+00
    0.56628E+00
    0.57370E+00
    0.57475E+00
    0.60422E+00
    0.58515E+00
    0.55903E+00
    0.55496E+00
    0.54640E+00
    0.51676E+00
    0.47759E+00
    0.48624E+00
    0.49626E+00
    0.53188E+00
    0.54972E+00
    0.56437E+00
    0.59213E+00
    0.59412E+00
    0.57686E+00
    0.56620E+00
    0.54076E+00
    0.52564E+00
    0.50540E+00
    0.50693E+00
    0.51672E+00
    0.54666E+00
    0.57357E+00
    0.57065E+00
    0.56426E+00
    0.51936E+00
    0.50372E+00
    0.52290E+00
    0.55062E+00
    0.56413E+00
    0.57896E+00
    0.59089E+00
    0.58589E+00
    0.56510E+00
    0.52710E+00
    0.49629E+00
    0.47686E+00
    0.46480E+00
    0.47929E+00
    0.49383E+00
    0.52832E+00
    0.57011E+00
    0.57969E+00
    0.54993E+00
    0.52193E+00
    0.50488E+00
    0.51018E+00
    0.47553E+00
    0.46803E+00
    0.50813E+00
    0.53522E+00
    0.53622E+00
    0.51883E+00
    0.52360E+00
    0.53152E+00
    0.54035E+00
    0.55131E+00
    0.57066E+00
    0.62630E+00
    0.63571E+00
    0.66511E+00
    0.70500E+00
    0.72829E+00
    0.72146E+00
    0.69849E+00
    0.68357E+00
    0.63913E+00
    0.61067E+00
    0.58324E+00
    0.54714E+00
    0.50856E+00
    0.49878E+00
    0.49957E+00
    0.53514E+00
    0.56532E+00
    0.59809E+00
    0.61348E+00
    0.60082E+00
    0.57555E+00
    0.55789E+00
    0.52963E+00
    0.50003E+00
    0.46458E+00
    0.45360E+00
    0.45162E+00
    0.44425E+00
    0.42979E+00
    0.46155E+00
    0.49851E+00
    0.53983E+00
    0.59040E+00
    0.63500E+00
    0.66274E+00
    0.67333E+00
    0.71427E+00
    0.75279E+00
    0.76455E+00
    0.76961E+00
    0.78067E+00
    0.82103E+00
    0.80432E+00
    0.77869E+00
    0.74593E+00
    0.71966E+00
    0.69024E+00
    0.67766E+00
    0.64903E+00
    0.63515E+00
    0.64061E+00
    0.64113E+00
    0.65710E+00
    0.66969E+00
    0.68683E+00
    0.70392E+00
    0.73257E+00
    0.74596E+00
    0.75441E+00
    0.74872E+00
    0.71506E+00
    0.69513E+00
    0.66757E+00
    0.62594E+00
    0.60456E+00
    0.57642E+00
    0.56695E+00
    0.54519E+00
    0.54543E+00
    0.54956E+00
    0.54498E+00
    0.53623E+00
    0.53897E+00
    0.55148E+00
    0.58118E+00
    0.59812E+00
    0.61626E+00
    0.64653E+00
    0.66382E+00
    0.70034E+00
    0.75074E+00
    0.76718E+00
    0.78243E+00
    0.78480E+00
    0.79203E+00
    0.79393E+00
    0.81155E+00
    0.81181E+00
    0.82338E+00
    0.83372E+00
    0.83752E+00
    0.83071E+00
    0.83191E+00
    0.80801E+00
    0.78765E+00
    0.77255E+00
    0.76373E+00
    0.76485E+00
    0.72089E+00
    0.72588E+00
    0.72788E+00
    0.73183E+00
    0.75720E+00
    0.78895E+00
    0.80842E+00
    0.82485E+00
    0.81312E+00
    0.81075E+00
    0.78950E+00
    0.73458E+00
    0.66890E+00
    0.62210E+00
    0.60112E+00
    0.58964E+00
    0.58128E+00
    0.60640E+00
    0.62338E+00
    0.63829E+00
    0.64420E+00
    0.66966E+00
    0.67315E+00
    0.66912E+00
    0.68181E+00
    0.70317E+00
    0.70487E+00
    0.71056E+00
    0.70500E+00
    0.71573E+00
    0.72146E+00
    0.71872E+00
    0.71498E+00
    0.71453E+00
    0.70796E+00
    0.72098E+00
    0.70954E+00
    0.71498E+00
    0.73617E+00
    0.75019E+00
    0.77235E+00
    0.79674E+00
    0.81260E+00
    0.84225E+00
    0.90850E+00
    0.94631E+00
    0.95194E+00
    0.94639E+00
    0.98509E+00
    0.96490E+00
    0.96004E+00
    0.91595E+00
    0.85293E+00
    0.82570E+00
    0.80367E+00
    0.77829E+00
    0.76775E+00
    0.75317E+00
    0.73373E+00
    0.70525E+00
    0.68974E+00
    0.66887E+00
    0.65527E+00
    0.63759E+00
    0.62210E+00
    0.58228E+00
    0.56696E+00
    0.54918E+00
    0.55612E+00
    0.56153E+00
    0.57412E+00
    0.59801E+00
    0.63351E+00
    0.67053E+00
    0.69411E+00
    0.71042E+00
    0.70919E+00
    0.70134E+00
    0.67656E+00
    0.65416E+00
    0.63689E+00
    0.61850E+00
    0.61047E+00
    0.62039E+00
    0.62767E+00
    0.64836E+00
    0.65676E+00
    0.68373E+00
    0.71627E+00
    0.72662E+00
    0.73662E+00
    0.74611E+00
    0.75232E+00
    0.76343E+00
    0.74807E+00
    0.73922E+00
    0.72143E+00
    0.69930E+00
    0.69376E+00
    0.68692E+00
    0.67823E+00
    0.67863E+00
    0.68190E+00
    0.69493E+00
    0.70103E+00
    0.70550E+00
    0.70666E+00
    0.71632E+00
    0.75465E+00
    0.78843E+00
    0.81815E+00
    0.84261E+00
    0.87625E+00
    0.87290E+00
    0.85032E+00
    0.82733E+00
    0.81302E+00
    0.78377E+00
    0.78828E+00
    0.77452E+00
    0.77816E+00
    0.79522E+00
    0.79283E+00
    0.78656E+00
    0.75935E+00
    0.74396E+00
    0.71559E+00
    0.68364E+00
    0.67564E+00
    0.64959E+00
    0.65801E+00
    0.65000E+00
    0.63356E+00
    0.65612E+00
    0.66830E+00
    0.66380E+00
    0.67778E+00
    0.67881E+00
    0.70231E+00
    0.68944E+00
    0.68169E+00
    0.66667E+00
    0.65517E+00
    0.66706E+00
    0.64336E+00
    0.61223E+00
    0.60436E+00
    0.59028E+00
    0.59247E+00
    0.59904E+00
    0.56884E+00
    0.55628E+00
    0.54366E+00
    0.55986E+00
    0.54627E+00
    0.54880E+00
    0.52561E+00
    0.52430E+00
    0.51089E+00
    0.49802E+00
    0.49005E+00
    0.48568E+00
    0.51226E+00
    0.52185E+00
    0.53113E+00
    0.54262E+00
    0.53380E+00
    0.51279E+00
    0.50527E+00
    0.49962E+00
    0.49721E+00
    0.50978E+00
    0.50553E+00
    0.51050E+00
    0.51040E+00
    0.55041E+00
    0.55994E+00
    0.55258E+00
    0.56584E+00
    0.56877E+00
    0.57082E+00
    0.56090E+00
    0.55150E+00
    0.53659E+00
    0.52740E+00
    0.51033E+00
    0.51869E+00
    0.52023E+00
    0.50784E+00
    0.50088E+00
    0.48156E+00
    0.48585E+00
    0.47130E+00
    0.48128E+00
    0.47940E+00
    0.48792E+00
    0.50886E+00
    0.50441E+00
    0.48777E+00
    0.47197E+00
    0.44996E+00
    0.41748E+00
    0.39767E+00
    0.37111E+00
    0.33203E+00
    0.33221E+00
    0.33672E+00
    0.36008E+00
    0.38752E+00
    0.39633E+00
    0.39532E+00
    0.39956E+00
    0.41561E+00
    0.41672E+00
    0.43346E+00
    0.41560E+00
    0.40106E+00
    0.38251E+00
    0.36741E+00
    0.35198E+00
    0.34241E+00
    0.31775E+00
    0.30859E+00
    0.30553E+00
    0.31019E+00
    0.31435E+00
    0.32358E+00
    0.32616E+00
    0.32138E+00
    0.31905E+00
    0.32336E+00
    0.32543E+00
    0.32868E+00
    0.33875E+00
    0.35250E+00
    0.33723E+00
    0.32930E+00
    0.34282E+00
    0.37204E+00
    0.38309E+00
    0.39017E+00
    0.38269E+00
    0.37857E+00
    0.35979E+00
    0.35243E+00
    0.34008E+00
    0.32938E+00
    0.33059E+00
    0.34319E+00
    0.33617E+00
    0.33882E+00
    0.36107E+00
    0.36254E+00
    0.35723E+00
    0.34978E+00
    0.37072E+00
    0.38766E+00
    0.39349E+00
    0.38812E+00
    0.38814E+00
    0.37636E+00
    0.38759E+00
    0.39374E+00
    0.41587E+00
    0.46441E+00
    0.48748E+00
    0.49055E+00
    0.47653E+00
    0.48124E+00
    0.48622E+00
    0.48030E+00
    0.45132E+00
    0.42835E+00
    0.42882E+00
    0.41922E+00
    0.39922E+00
    0.38784E+00
    0.39004E+00
    0.39402E+00
    0.40416E+00
    0.40962E+00
    0.42891E+00
    0.42586E+00
    0.42511E+00
    0.44873E+00
    0.47522E+00
    0.47303E+00
    0.47663E+00
    0.48746E+00
    0.49050E+00
    0.49052E+00
    0.49347E+00
    0.48738E+00
    0.46221E+00
    0.45782E+00
    0.45289E+00
    0.45743E+00
    0.47351E+00
    0.48728E+00
    0.51353E+00
    0.52100E+00
    0.52603E+00
    0.57483E+00
    0.58446E+00
    0.59535E+00
    0.58731E+00
    0.57596E+00
    0.55313E+00
    0.53695E+00
    0.53165E+00
    0.52479E+00
    0.50432E+00
    0.48136E+00
    0.46130E+00
    0.45301E+00
    0.46779E+00
    0.45777E+00
    0.47558E+00
    0.49008E+00
    0.49090E+00
    0.48585E+00
    0.48809E+00
    0.47958E+00
    0.45366E+00
    0.45439E+00
    0.46159E+00
    0.46887E+00
    0.46124E+00
    0.44709E+00
    0.43197E+00
    0.42743E+00
    0.43336E+00
    0.42761E+00
    0.43904E+00
    0.44571E+00
    0.43615E+00
    0.42134E+00
    0.44609E+00
    0.47182E+00
    0.48237E+00
    0.47215E+00
    0.48212E+00
    0.50113E+00
    0.53010E+00
    0.52835E+00
    0.50775E+00
    0.48359E+00
    0.46515E+00
    0.45429E+00
    0.45214E+00
    0.44357E+00
    0.43842E+00
    0.39300E+00
    0.37217E+00
    0.35912E+00
    0.35031E+00
    0.35099E+00
    0.35060E+00
    0.35906E+00
    0.36989E+00
    0.37533E+00
    0.38588E+00
    0.38290E+00
    0.37971E+00
    0.38979E+00
    0.39506E+00
    0.41141E+00
    0.42373E+00
    0.43001E+00
    0.46389E+00
    0.49196E+00
    0.47978E+00
    0.46687E+00
    0.47816E+00
    0.47729E+00
    0.48310E+00
    0.48529E+00
    0.49927E+00
    0.53046E+00
    0.53245E+00
    0.53733E+00
    0.54903E+00
    0.61261E+00
    0.61893E+00
    0.61867E+00
    0.60498E+00
    0.59763E+00
    0.55356E+00
    0.49723E+00
    0.45191E+00
    0.37756E+00
    0.35774E+00
    0.36348E+00
    0.39509E+00
    0.43216E+00
    0.44838E+00
    0.45747E+00
