    0.45213E+00
    0.45366E+00
    0.45429E+00
    0.45625E+00
    0.45468E+00
    0.45709E+00
    0.45547E+00
    0.45397E+00
    0.45196E+00
    0.45190E+00
    0.44897E+00
    0.44834E+00
    0.44494E+00
    0.44544E+00
    0.44220E+00
    0.44148E+00
    0.44063E+00
    0.43815E+00
    0.43602E+00
    0.43375E+00
    0.43071E+00
    0.42682E+00
    0.42576E+00
    0.42196E+00
    0.42126E+00
    0.41851E+00
    0.41850E+00
    0.41889E+00
    0.41906E+00
    0.42041E+00
    0.42293E+00
    0.42472E+00
    0.42584E+00
    0.43098E+00
    0.43369E+00
    0.43915E+00
    0.44493E+00
    0.44844E+00
    0.45282E+00
    0.45912E+00
    0.46333E+00
    0.46841E+00
    0.47253E+00
    0.47762E+00
    0.48054E+00
    0.48563E+00
    0.48933E+00
    0.49186E+00
    0.49434E+00
    0.49870E+00
    0.50069E+00
    0.50383E+00
    0.50574E+00
    0.50906E+00
    0.51264E+00
    0.51724E+00
    0.52149E+00
    0.52313E+00
    0.52593E+00
    0.52857E+00
    0.52965E+00
    0.53117E+00
    0.53221E+00
    0.53124E+00
    0.53163E+00
    0.53439E+00
    0.53760E+00
    0.54174E+00
    0.54573E+00
    0.55011E+00
    0.55423E+00
    0.55856E+00
    0.56194E+00
    0.56593E+00
    0.56935E+00
    0.57022E+00
    0.56945E+00
    0.56717E+00
    0.56673E+00
    0.56541E+00
    0.56148E+00
    0.55827E+00
    0.55630E+00
    0.55697E+00
    0.55563E+00
    0.55540E+00
    0.55474E+00
    0.55468E+00
    0.55315E+00
    0.55419E+00
    0.55359E+00
    0.55594E+00
    0.55568E+00
    0.55763E+00
    0.56063E+00
    0.56495E+00
    0.56621E+00
    0.57121E+00
    0.57482E+00
    0.57995E+00
    0.58112E+00
    0.58184E+00
    0.58196E+00
    0.58256E+00
    0.58142E+00
    0.58422E+00
    0.58025E+00
    0.58250E+00
    0.58095E+00
    0.58193E+00
    0.58098E+00
    0.57856E+00
    0.57838E+00
    0.57636E+00
    0.57379E+00
    0.57236E+00
    0.57148E+00
    0.56936E+00
    0.56763E+00
    0.56450E+00
    0.55919E+00
    0.55512E+00
    0.54925E+00
    0.54474E+00
    0.54210E+00
    0.54075E+00
    0.53611E+00
    0.53417E+00
    0.53390E+00
    0.53192E+00
    0.52802E+00
    0.52553E+00
    0.52138E+00
    0.51887E+00
    0.51863E+00
    0.51866E+00
    0.51748E+00
    0.51828E+00
    0.51672E+00
    0.51839E+00
    0.52017E+00
    0.52193E+00
    0.52248E+00
    0.52387E+00
    0.52794E+00
    0.53222E+00
    0.53502E+00
    0.54055E+00
    0.54242E+00
    0.54908E+00
    0.55228E+00
    0.55463E+00
    0.55632E+00
    0.55772E+00
    0.55904E+00
    0.56046E+00
    0.56009E+00
    0.56168E+00
    0.55961E+00
    0.55847E+00
    0.56102E+00
    0.56298E+00
    0.56256E+00
    0.56523E+00
    0.56664E+00
    0.56507E+00
    0.56474E+00
    0.56451E+00
    0.56491E+00
    0.56199E+00
    0.56388E+00
    0.56541E+00
    0.56660E+00
    0.56936E+00
    0.57199E+00
    0.58008E+00
    0.58476E+00
    0.59577E+00
    0.60245E+00
    0.60912E+00
    0.61527E+00
    0.62178E+00
    0.63069E+00
    0.63423E+00
    0.64202E+00
    0.64919E+00
    0.65541E+00
    0.65785E+00
    0.66586E+00
    0.66948E+00
    0.67213E+00
    0.67579E+00
    0.67915E+00
    0.68127E+00
    0.68121E+00
    0.68305E+00
    0.68047E+00
    0.67975E+00
    0.67919E+00
    0.67929E+00
    0.67495E+00
    0.67516E+00
    0.67116E+00
    0.66742E+00
    0.66546E+00
    0.66296E+00
    0.66155E+00
    0.65783E+00
    0.65711E+00
    0.65388E+00
    0.64964E+00
    0.64790E+00
    0.64439E+00
    0.63996E+00
    0.63963E+00
    0.63650E+00
    0.63455E+00
    0.63484E+00
    0.63192E+00
    0.63208E+00
    0.63184E+00
    0.63714E+00
    0.63977E+00
    0.64445E+00
    0.65081E+00
    0.65901E+00
    0.66499E+00
    0.67188E+00
    0.67573E+00
    0.68708E+00
    0.68796E+00
    0.69490E+00
    0.70152E+00
    0.70674E+00
    0.70867E+00
    0.71421E+00
    0.71900E+00
    0.72304E+00
    0.72962E+00
    0.73212E+00
    0.73474E+00
    0.73935E+00
    0.74291E+00
    0.74261E+00
    0.74410E+00
    0.74259E+00
    0.74230E+00
    0.74039E+00
    0.73937E+00
    0.73644E+00
    0.73474E+00
    0.73359E+00
    0.73365E+00
    0.73076E+00
    0.73512E+00
    0.73444E+00
    0.73497E+00
    0.73623E+00
    0.73560E+00
    0.73375E+00
    0.73175E+00
    0.72836E+00
    0.72752E+00
    0.72523E+00
    0.72528E+00
    0.72391E+00
    0.72438E+00
    0.72621E+00
    0.72642E+00
    0.72519E+00
    0.72719E+00
    0.72706E+00
    0.72732E+00
    0.73104E+00
    0.73439E+00
    0.73633E+00
    0.74127E+00
    0.74778E+00
    0.75407E+00
    0.75648E+00
    0.76254E+00
    0.76710E+00
    0.77072E+00
    0.77591E+00
    0.77888E+00
    0.78142E+00
    0.78213E+00
    0.78039E+00
    0.77921E+00
    0.77397E+00
    0.77087E+00
    0.76331E+00
    0.75702E+00
    0.74990E+00
    0.74199E+00
    0.73960E+00
    0.73951E+00
    0.74047E+00
    0.73791E+00
    0.73841E+00
    0.73689E+00
    0.73718E+00
    0.73374E+00
    0.73187E+00
    0.72952E+00
    0.72772E+00
    0.72668E+00
    0.72744E+00
    0.72593E+00
    0.72149E+00
    0.72133E+00
    0.71998E+00
    0.71761E+00
    0.71107E+00
    0.70870E+00
    0.70329E+00
    0.70197E+00
    0.69956E+00
    0.69505E+00
    0.69357E+00
    0.69336E+00
    0.69425E+00
    0.69453E+00
    0.69590E+00
    0.69392E+00
    0.69659E+00
    0.69799E+00
    0.69890E+00
    0.69937E+00
    0.69781E+00
    0.69847E+00
    0.69745E+00
    0.69659E+00
    0.69773E+00
    0.69655E+00
    0.69627E+00
    0.69567E+00
    0.69726E+00
    0.69978E+00
    0.69872E+00
    0.70133E+00
    0.70140E+00
    0.70609E+00
    0.70677E+00
    0.70773E+00
    0.71019E+00
    0.71306E+00
    0.71490E+00
    0.71919E+00
    0.72370E+00
    0.72523E+00
    0.72873E+00
    0.73270E+00
    0.73582E+00
    0.74594E+00
    0.75351E+00
    0.75756E+00
    0.76479E+00
    0.77025E+00
    0.77700E+00
    0.78008E+00
    0.78352E+00
    0.78165E+00
    0.78012E+00
    0.78107E+00
    0.78037E+00
    0.78062E+00
    0.78030E+00
    0.77730E+00
    0.78157E+00
    0.78369E+00
    0.78499E+00
    0.78616E+00
    0.78479E+00
    0.78479E+00
    0.78421E+00
    0.77911E+00
    0.77792E+00
    0.77154E+00
    0.76309E+00
    0.75546E+00
    0.75047E+00
    0.73873E+00
    0.73257E+00
    0.72658E+00
    0.72033E+00
    0.71439E+00
    0.71122E+00
    0.70647E+00
    0.70077E+00
    0.69909E+00
    0.69633E+00
    0.69315E+00
    0.69039E+00
    0.68706E+00
    0.68381E+00
    0.68128E+00
    0.67615E+00
    0.66911E+00
    0.66712E+00
    0.66559E+00
    0.66180E+00
    0.65814E+00
    0.65338E+00
    0.64846E+00
    0.64794E+00
    0.64613E+00
    0.64363E+00
    0.64264E+00
    0.63790E+00
    0.63675E+00
    0.63468E+00
    0.63226E+00
    0.63025E+00
    0.62544E+00
    0.62317E+00
    0.62109E+00
    0.61803E+00
    0.61492E+00
    0.61350E+00
    0.60873E+00
    0.60395E+00
    0.60058E+00
    0.59595E+00
    0.59090E+00
    0.58484E+00
    0.58008E+00
    0.57393E+00
    0.56680E+00
    0.56063E+00
    0.55222E+00
    0.54720E+00
    0.53969E+00
    0.53269E+00
    0.52599E+00
    0.51906E+00
    0.51274E+00
    0.50823E+00
    0.49926E+00
    0.49391E+00
    0.48571E+00
    0.48058E+00
    0.47346E+00
    0.46605E+00
    0.45642E+00
    0.44909E+00
    0.44312E+00
    0.43748E+00
    0.43105E+00
    0.42765E+00
    0.42411E+00
    0.42008E+00
    0.41676E+00
    0.41469E+00
    0.41270E+00
    0.40833E+00
    0.40804E+00
    0.40470E+00
    0.40115E+00
    0.39710E+00
    0.39402E+00
    0.38771E+00
    0.38669E+00
    0.38162E+00
    0.37583E+00
    0.37381E+00
    0.37196E+00
    0.36908E+00
    0.36762E+00
    0.36477E+00
    0.36395E+00
    0.36305E+00
    0.36085E+00
    0.36102E+00
    0.35795E+00
    0.35780E+00
    0.35799E+00
    0.35708E+00
    0.35684E+00
    0.35658E+00
    0.35716E+00
    0.35780E+00
    0.35682E+00
    0.35797E+00
    0.36013E+00
    0.35732E+00
    0.35530E+00
    0.35513E+00
    0.35446E+00
    0.35428E+00
    0.35499E+00
    0.35580E+00
    0.35344E+00
    0.35436E+00
    0.35532E+00
    0.35697E+00
    0.35731E+00
    0.35812E+00
    0.35950E+00
    0.35967E+00
    0.36224E+00
    0.36262E+00
    0.36295E+00
    0.36554E+00
    0.36917E+00
    0.37140E+00
    0.37276E+00
    0.37743E+00
    0.37892E+00
    0.38239E+00
    0.38560E+00
    0.38634E+00
    0.38790E+00
    0.38823E+00
    0.39003E+00
    0.39232E+00
    0.39034E+00
    0.39213E+00
    0.39174E+00
    0.39418E+00
    0.39584E+00
    0.39637E+00
    0.39938E+00
    0.40276E+00
    0.40509E+00
    0.40772E+00
    0.41109E+00
    0.41511E+00
    0.42002E+00
    0.42105E+00
    0.42498E+00
    0.42637E+00
    0.43032E+00
    0.43202E+00
    0.43387E+00
    0.43425E+00
    0.43665E+00
    0.43904E+00
    0.44115E+00
    0.44222E+00
    0.44396E+00
    0.44712E+00
    0.44857E+00
    0.45225E+00
    0.45356E+00
    0.45652E+00
    0.45869E+00
    0.46154E+00
    0.46325E+00
    0.46309E+00
    0.46428E+00
    0.46458E+00
    0.46351E+00
    0.46369E+00
    0.46352E+00
    0.46176E+00
    0.46297E+00
    0.46186E+00
    0.46258E+00
    0.46292E+00
    0.46384E+00
    0.46332E+00
    0.46387E+00
    0.46417E+00
    0.46281E+00
    0.46206E+00
    0.46068E+00
    0.46107E+00
    0.45980E+00
    0.45870E+00
    0.45580E+00
    0.45439E+00
    0.45364E+00
    0.45013E+00
    0.44873E+00
    0.44695E+00
    0.44636E+00
    0.44443E+00
    0.44210E+00
    0.44222E+00
    0.44248E+00
    0.44330E+00
    0.44226E+00
    0.44333E+00
    0.44402E+00
    0.44438E+00
    0.44365E+00
    0.44272E+00
    0.44371E+00
    0.44298E+00
    0.44120E+00
    0.43956E+00
    0.43757E+00
    0.43859E+00
    0.43438E+00
    0.43151E+00
    0.43063E+00
    0.42786E+00
    0.42571E+00
    0.42253E+00
    0.42171E+00
    0.42046E+00
    0.42144E+00
    0.42060E+00
    0.41818E+00
    0.42091E+00
    0.42085E+00
    0.42139E+00
    0.42357E+00
    0.42337E+00
    0.42784E+00
    0.42964E+00
    0.43031E+00
    0.43368E+00
    0.43758E+00
    0.43714E+00
    0.44071E+00
    0.44343E+00
    0.44469E+00
    0.44769E+00
    0.44987E+00
    0.45309E+00
    0.45568E+00
    0.45818E+00
    0.45955E+00
    0.46236E+00
    0.46376E+00
    0.46468E+00
    0.46566E+00
    0.46334E+00
    0.46397E+00
    0.46090E+00
    0.45843E+00
    0.45545E+00
    0.45246E+00
    0.45011E+00
    0.44870E+00
    0.44954E+00
    0.44888E+00
    0.45116E+00
