    0.53649E+00
    0.54137E+00
    0.54611E+00
    0.55003E+00
    0.55138E+00
    0.55128E+00
    0.55220E+00
    0.54837E+00
    0.54404E+00
    0.53764E+00
    0.53237E+00
    0.52528E+00
    0.51981E+00
    0.51600E+00
    0.51235E+00
    0.50815E+00
    0.50602E+00
    0.50547E+00
    0.50386E+00
    0.50314E+00
    0.50175E+00
    0.50037E+00
    0.49749E+00
    0.49519E+00
    0.49457E+00
    0.49378E+00
    0.49523E+00
    0.49707E+00
    0.49902E+00
    0.50016E+00
    0.50528E+00
    0.51127E+00
    0.51533E+00
    0.52044E+00
    0.52722E+00
    0.53110E+00
    0.53724E+00
    0.53906E+00
    0.54408E+00
    0.54687E+00
    0.55128E+00
    0.55362E+00
    0.55800E+00
    0.56133E+00
    0.56165E+00
    0.56527E+00
    0.56806E+00
    0.57276E+00
    0.57348E+00
    0.57448E+00
    0.57407E+00
    0.57399E+00
    0.57372E+00
    0.57451E+00
    0.57617E+00
    0.57431E+00
    0.57785E+00
    0.57676E+00
    0.57832E+00
    0.57947E+00
    0.57798E+00
    0.57840E+00
    0.57751E+00
    0.57509E+00
    0.57412E+00
    0.57414E+00
    0.57556E+00
    0.58204E+00
    0.58511E+00
    0.59256E+00
    0.59927E+00
    0.60760E+00
    0.61471E+00
    0.61968E+00
    0.62180E+00
    0.62432E+00
    0.62564E+00
    0.62355E+00
    0.61753E+00
    0.60931E+00
    0.59844E+00
    0.59078E+00
    0.58437E+00
    0.57929E+00
    0.57560E+00
    0.57462E+00
    0.57521E+00
    0.57298E+00
    0.56960E+00
    0.56806E+00
    0.56460E+00
    0.56195E+00
    0.55525E+00
    0.54462E+00
    0.53886E+00
    0.53297E+00
    0.52925E+00
    0.52836E+00
    0.52841E+00
    0.53299E+00
    0.53425E+00
    0.53646E+00
    0.53803E+00
    0.53954E+00
    0.53939E+00
    0.53536E+00
    0.53759E+00
    0.53805E+00
    0.53674E+00
    0.53890E+00
    0.54011E+00
    0.54147E+00
    0.54317E+00
    0.54288E+00
    0.54389E+00
    0.54354E+00
    0.54581E+00
    0.54735E+00
    0.54879E+00
    0.54878E+00
    0.54998E+00
    0.54722E+00
    0.54608E+00
    0.54498E+00
    0.54314E+00
    0.54292E+00
    0.54279E+00
    0.54522E+00
    0.54906E+00
    0.55364E+00
    0.55656E+00
    0.55555E+00
    0.55661E+00
    0.55712E+00
    0.55646E+00
    0.55730E+00
    0.55859E+00
    0.56341E+00
    0.56764E+00
    0.57191E+00
    0.57455E+00
    0.57937E+00
    0.58172E+00
    0.58456E+00
    0.59055E+00
    0.59535E+00
    0.60255E+00
    0.61149E+00
    0.62041E+00
    0.62619E+00
    0.63179E+00
    0.63049E+00
    0.62454E+00
    0.61721E+00
    0.60921E+00
    0.59878E+00
    0.58620E+00
    0.57598E+00
    0.56756E+00
    0.56194E+00
    0.55798E+00
    0.55754E+00
    0.55998E+00
    0.56221E+00
    0.56255E+00
    0.56220E+00
    0.55899E+00
    0.55354E+00
    0.54844E+00
    0.53995E+00
    0.53346E+00
    0.52681E+00
    0.52281E+00
    0.52178E+00
    0.52619E+00
    0.53038E+00
    0.53957E+00
    0.54759E+00
    0.56018E+00
    0.57138E+00
    0.58601E+00
    0.59665E+00
    0.60692E+00
    0.62047E+00
    0.62785E+00
    0.63519E+00
    0.63956E+00
    0.64077E+00
    0.64218E+00
    0.63631E+00
    0.62840E+00
    0.62122E+00
    0.61322E+00
    0.60477E+00
    0.59672E+00
    0.59155E+00
    0.58849E+00
    0.58946E+00
    0.59054E+00
    0.59334E+00
    0.60025E+00
    0.60256E+00
    0.60745E+00
    0.61347E+00
    0.61693E+00
    0.61131E+00
    0.60861E+00
    0.60038E+00
    0.59118E+00
    0.58017E+00
    0.57148E+00
    0.56036E+00
    0.55381E+00
    0.54452E+00
    0.54116E+00
    0.53777E+00
    0.53722E+00
    0.54031E+00
    0.54608E+00
    0.55527E+00
    0.56356E+00
    0.57417E+00
    0.58570E+00
    0.59843E+00
    0.61041E+00
    0.62137E+00
    0.63253E+00
    0.64409E+00
    0.64883E+00
    0.65401E+00
    0.65743E+00
    0.65767E+00
    0.65955E+00
    0.66434E+00
    0.66277E+00
    0.66073E+00
    0.65760E+00
    0.65223E+00
    0.64720E+00
    0.63910E+00
    0.63195E+00
    0.62497E+00
    0.61601E+00
    0.61224E+00
    0.60878E+00
    0.60590E+00
    0.60605E+00
    0.60836E+00
    0.61195E+00
    0.62078E+00
    0.62338E+00
    0.62441E+00
    0.62182E+00
    0.61458E+00
    0.60257E+00
    0.58419E+00
    0.56414E+00
    0.54718E+00
    0.53531E+00
    0.52752E+00
    0.52672E+00
    0.52928E+00
    0.53430E+00
    0.54124E+00
    0.54731E+00
    0.55623E+00
    0.56226E+00
    0.56885E+00
    0.57661E+00
    0.58229E+00
    0.58883E+00
    0.59471E+00
    0.59837E+00
    0.60455E+00
    0.60823E+00
    0.60869E+00
    0.61037E+00
    0.61246E+00
    0.61137E+00
    0.61265E+00
    0.61391E+00
    0.61600E+00
    0.62184E+00
    0.63035E+00
    0.63956E+00
    0.64840E+00
    0.66227E+00
    0.67594E+00
    0.69080E+00
    0.70457E+00
    0.71169E+00
    0.71766E+00
    0.72009E+00
    0.72079E+00
    0.71046E+00
    0.69270E+00
    0.67413E+00
    0.65644E+00
    0.63881E+00
    0.62595E+00
    0.61301E+00
    0.59990E+00
    0.58983E+00
    0.57867E+00
    0.56594E+00
    0.55798E+00
    0.54682E+00
    0.53577E+00
    0.52411E+00
    0.51248E+00
    0.50383E+00
    0.49893E+00
    0.49898E+00
    0.50085E+00
    0.51065E+00
    0.52442E+00
    0.54099E+00
    0.55588E+00
    0.56958E+00
    0.57971E+00
    0.58279E+00
    0.58296E+00
    0.58119E+00
    0.57588E+00
    0.57088E+00
    0.57006E+00
    0.56682E+00
    0.56794E+00
    0.57039E+00
    0.57711E+00
    0.58412E+00
    0.59489E+00
    0.60302E+00
    0.61155E+00
    0.61932E+00
    0.62539E+00
    0.62972E+00
    0.63166E+00
    0.62879E+00
    0.62325E+00
    0.61654E+00
    0.60973E+00
    0.60202E+00
    0.59690E+00
    0.59501E+00
    0.59496E+00
    0.59599E+00
    0.59750E+00
    0.59766E+00
    0.59782E+00
    0.60052E+00
    0.60822E+00
    0.61936E+00
    0.63234E+00
    0.64031E+00
    0.64725E+00
    0.65194E+00
    0.65052E+00
    0.64394E+00
    0.63630E+00
    0.62962E+00
    0.62057E+00
    0.61493E+00
    0.61099E+00
    0.60963E+00
    0.60801E+00
    0.60527E+00
    0.59899E+00
    0.59123E+00
    0.58156E+00
    0.56947E+00
    0.55789E+00
    0.54606E+00
    0.53625E+00
    0.53232E+00
    0.52902E+00
    0.53025E+00
    0.53242E+00
    0.53487E+00
    0.53990E+00
    0.54620E+00
    0.55174E+00
    0.55636E+00
    0.55958E+00
    0.56053E+00
    0.56162E+00
    0.55758E+00
    0.55184E+00
    0.54547E+00
    0.53788E+00
    0.53205E+00
    0.52794E+00
    0.52444E+00
    0.51616E+00
    0.51224E+00
    0.50719E+00
    0.50400E+00
    0.50125E+00
    0.49710E+00
    0.49687E+00
    0.49402E+00
    0.49320E+00
    0.49082E+00
    0.48994E+00
    0.48745E+00
    0.48803E+00
    0.48827E+00
    0.48996E+00
    0.49291E+00
    0.49328E+00
    0.49552E+00
    0.49621E+00
    0.49799E+00
    0.49713E+00
    0.49619E+00
    0.49768E+00
    0.50038E+00
    0.50376E+00
    0.50773E+00
    0.51070E+00
    0.51562E+00
    0.51710E+00
    0.52413E+00
    0.52652E+00
    0.52672E+00
    0.53033E+00
    0.52749E+00
    0.52820E+00
    0.52705E+00
    0.52762E+00
    0.52761E+00
    0.52541E+00
    0.52386E+00
    0.52396E+00
    0.52258E+00
    0.52037E+00
    0.52119E+00
    0.51989E+00
    0.51920E+00
    0.51839E+00
    0.51687E+00
    0.51392E+00
    0.51190E+00
    0.50562E+00
    0.50175E+00
    0.49475E+00
    0.49014E+00
    0.48312E+00
    0.47738E+00
    0.47473E+00
    0.47389E+00
    0.47207E+00
    0.47134E+00
    0.47141E+00
    0.47291E+00
    0.47435E+00
    0.47539E+00
    0.47603E+00
    0.47501E+00
    0.47437E+00
    0.47188E+00
    0.46854E+00
    0.46409E+00
    0.46018E+00
    0.45592E+00
    0.45157E+00
    0.44620E+00
    0.44501E+00
    0.44260E+00
    0.44063E+00
    0.43778E+00
    0.43693E+00
    0.43796E+00
    0.43737E+00
    0.44112E+00
    0.44125E+00
    0.44400E+00
    0.44714E+00
    0.44662E+00
    0.44946E+00
    0.45429E+00
    0.45579E+00
    0.45758E+00
    0.46025E+00
    0.46117E+00
    0.46105E+00
    0.46212E+00
    0.46316E+00
    0.46326E+00
    0.46218E+00
    0.46233E+00
    0.46259E+00
    0.46298E+00
    0.46404E+00
    0.46605E+00
    0.46759E+00
    0.47061E+00
    0.47332E+00
    0.47722E+00
    0.48003E+00
    0.48319E+00
    0.48544E+00
    0.49086E+00
    0.49485E+00
    0.49898E+00
    0.50468E+00
    0.50902E+00
    0.51436E+00
    0.51919E+00
    0.52282E+00
    0.52928E+00
    0.52956E+00
    0.53245E+00
    0.53122E+00
    0.53091E+00
    0.53002E+00
    0.52744E+00
    0.52454E+00
    0.52280E+00
    0.51880E+00
    0.51676E+00
    0.51384E+00
    0.51383E+00
    0.51478E+00
    0.51518E+00
    0.51524E+00
    0.51928E+00
    0.52067E+00
    0.52321E+00
    0.52531E+00
    0.52810E+00
    0.53118E+00
    0.53273E+00
    0.53727E+00
    0.53922E+00
    0.54021E+00
    0.54011E+00
    0.54246E+00
    0.54305E+00
    0.54628E+00
    0.54746E+00
    0.54997E+00
    0.55382E+00
    0.55795E+00
    0.56245E+00
    0.56612E+00
    0.56932E+00
    0.57442E+00
    0.57647E+00
    0.57496E+00
    0.57651E+00
    0.57389E+00
    0.57215E+00
    0.56763E+00
    0.56172E+00
    0.55738E+00
    0.55389E+00
    0.54801E+00
    0.54476E+00
    0.54235E+00
    0.53672E+00
    0.53619E+00
    0.53447E+00
    0.53168E+00
    0.52898E+00
    0.52737E+00
    0.52297E+00
    0.52251E+00
    0.52084E+00
    0.51795E+00
    0.51494E+00
    0.51398E+00
    0.51201E+00
    0.51102E+00
    0.51049E+00
    0.51089E+00
    0.51119E+00
    0.51231E+00
    0.51161E+00
    0.51377E+00
    0.51482E+00
    0.51817E+00
    0.52056E+00
    0.52277E+00
    0.52386E+00
    0.52682E+00
    0.52944E+00
    0.52667E+00
    0.52638E+00
    0.52302E+00
    0.52090E+00
    0.51797E+00
    0.51150E+00
    0.50660E+00
    0.50085E+00
    0.49693E+00
    0.49164E+00
    0.48663E+00
    0.48165E+00
    0.47888E+00
    0.47559E+00
    0.47469E+00
    0.47564E+00
    0.47331E+00
    0.47514E+00
    0.47916E+00
    0.48120E+00
    0.48433E+00
    0.48880E+00
    0.49337E+00
    0.49936E+00
    0.50448E+00
    0.51148E+00
    0.51790E+00
    0.52309E+00
    0.52851E+00
    0.53370E+00
    0.54102E+00
    0.54273E+00
    0.55024E+00
    0.55464E+00
    0.56167E+00
    0.56276E+00
    0.56841E+00
    0.57180E+00
    0.57664E+00
    0.57810E+00
    0.57764E+00
    0.57600E+00
    0.57490E+00
    0.56953E+00
    0.56338E+00
    0.55904E+00
    0.54952E+00
    0.54184E+00
    0.53516E+00
    0.53291E+00
    0.53140E+00
    0.53207E+00
    0.53085E+00
