    0.40156E+00
    0.40117E+00
    0.39979E+00
    0.39871E+00
    0.39693E+00
    0.39998E+00
    0.39731E+00
    0.39828E+00
    0.39761E+00
    0.39456E+00
    0.39485E+00
    0.39633E+00
    0.39421E+00
    0.39462E+00
    0.39476E+00
    0.39242E+00
    0.39374E+00
    0.39365E+00
    0.39289E+00
    0.39224E+00
    0.39139E+00
    0.39155E+00
    0.39163E+00
    0.39163E+00
    0.39277E+00
    0.39220E+00
    0.39247E+00
    0.39258E+00
    0.39282E+00
    0.39452E+00
    0.39411E+00
    0.39552E+00
    0.39665E+00
    0.39548E+00
    0.39693E+00
    0.39521E+00
    0.39653E+00
    0.39596E+00
    0.39489E+00
    0.39392E+00
    0.39199E+00
    0.39222E+00
    0.38994E+00
    0.38955E+00
    0.38793E+00
    0.38532E+00
    0.38170E+00
    0.38015E+00
    0.37937E+00
    0.37604E+00
    0.37350E+00
    0.36917E+00
    0.36890E+00
    0.36303E+00
    0.36123E+00
    0.35785E+00
    0.35637E+00
    0.35389E+00
    0.35006E+00
    0.34781E+00
    0.34608E+00
    0.34219E+00
    0.33884E+00
    0.33866E+00
    0.33594E+00
    0.33393E+00
    0.33175E+00
    0.33130E+00
    0.32797E+00
    0.32687E+00
    0.32448E+00
    0.32357E+00
    0.32065E+00
    0.31993E+00
    0.32017E+00
    0.31847E+00
    0.31778E+00
    0.31827E+00
    0.31632E+00
    0.31464E+00
    0.31362E+00
    0.31580E+00
    0.30987E+00
    0.31087E+00
    0.31133E+00
    0.30831E+00
    0.30950E+00
    0.30639E+00
    0.30498E+00
    0.30554E+00
    0.30445E+00
    0.30171E+00
    0.30197E+00
    0.29847E+00
    0.29774E+00
    0.29430E+00
    0.29288E+00
    0.29150E+00
    0.29086E+00
    0.29031E+00
    0.28968E+00
    0.28838E+00
    0.28825E+00
    0.28717E+00
    0.28506E+00
    0.28522E+00
    0.28599E+00
    0.28597E+00
    0.28740E+00
    0.28598E+00
    0.28701E+00
    0.28555E+00
    0.28716E+00
    0.28786E+00
    0.28882E+00
    0.28869E+00
    0.29005E+00
    0.29226E+00
    0.29423E+00
    0.29559E+00
    0.29749E+00
    0.29930E+00
    0.30023E+00
    0.30307E+00
    0.30350E+00
    0.30524E+00
    0.30875E+00
    0.30997E+00
    0.31251E+00
    0.31379E+00
    0.31733E+00
    0.31807E+00
    0.32019E+00
    0.32143E+00
    0.32249E+00
    0.32520E+00
    0.32645E+00
    0.32794E+00
    0.32996E+00
    0.33071E+00
    0.33373E+00
    0.33187E+00
    0.33557E+00
    0.33542E+00
    0.33666E+00
    0.33661E+00
    0.33737E+00
    0.33680E+00
    0.33561E+00
    0.33562E+00
    0.33514E+00
    0.33417E+00
    0.33258E+00
    0.33032E+00
    0.32869E+00
    0.32663E+00
    0.32624E+00
    0.32449E+00
    0.32258E+00
    0.31725E+00
    0.31551E+00
    0.31375E+00
    0.31124E+00
    0.30737E+00
    0.30417E+00
    0.30121E+00
    0.29833E+00
    0.29667E+00
    0.29266E+00
    0.29104E+00
    0.28869E+00
    0.28462E+00
    0.28246E+00
    0.27937E+00
    0.27675E+00
    0.27544E+00
    0.27227E+00
    0.26925E+00
    0.26513E+00
    0.26184E+00
    0.25733E+00
    0.25376E+00
    0.24987E+00
    0.24608E+00
    0.24097E+00
    0.23697E+00
    0.23355E+00
    0.23142E+00
    0.22919E+00
    0.22822E+00
    0.22747E+00
    0.22846E+00
    0.23017E+00
    0.23000E+00
    0.23076E+00
    0.23226E+00
    0.23513E+00
    0.23705E+00
    0.23872E+00
    0.23953E+00
    0.24155E+00
    0.24221E+00
    0.24298E+00
    0.24524E+00
    0.24593E+00
    0.24740E+00
    0.24740E+00
    0.24702E+00
    0.24908E+00
    0.24696E+00
    0.24801E+00
    0.24770E+00
    0.24614E+00
    0.24576E+00
    0.24403E+00
    0.24344E+00
    0.24494E+00
    0.24205E+00
    0.24239E+00
    0.24118E+00
    0.24134E+00
    0.23922E+00
    0.23691E+00
    0.23661E+00
    0.23343E+00
    0.23071E+00
    0.22776E+00
    0.22572E+00
    0.22227E+00
    0.21879E+00
    0.21519E+00
    0.21178E+00
    0.20950E+00
    0.20420E+00
    0.20144E+00
    0.19719E+00
    0.19280E+00
    0.19074E+00
    0.18673E+00
    0.18352E+00
    0.18073E+00
    0.18186E+00
    0.17965E+00
    0.17935E+00
    0.17969E+00
    0.17800E+00
    0.17928E+00
    0.17924E+00
    0.17993E+00
    0.18013E+00
    0.18083E+00
    0.18054E+00
    0.18258E+00
    0.18284E+00
    0.18372E+00
    0.18492E+00
    0.18704E+00
    0.18835E+00
    0.18844E+00
    0.18939E+00
    0.19102E+00
    0.19265E+00
    0.19247E+00
    0.19450E+00
    0.19433E+00
    0.19451E+00
    0.19396E+00
    0.19500E+00
    0.19490E+00
    0.19383E+00
    0.19451E+00
    0.19256E+00
    0.19196E+00
    0.19256E+00
    0.19018E+00
    0.19098E+00
    0.18854E+00
    0.18816E+00
    0.18679E+00
    0.18639E+00
    0.18613E+00
    0.18473E+00
    0.18239E+00
    0.18174E+00
    0.18050E+00
    0.18076E+00
    0.17835E+00
    0.17810E+00
    0.17700E+00
    0.17560E+00
    0.17567E+00
    0.17343E+00
    0.17363E+00
    0.17225E+00
    0.17116E+00
    0.17121E+00
    0.17056E+00
    0.17046E+00
    0.17070E+00
    0.16994E+00
    0.17062E+00
    0.17087E+00
    0.17209E+00
    0.17377E+00
    0.17539E+00
    0.17676E+00
    0.17826E+00
    0.18060E+00
    0.18178E+00
    0.18403E+00
    0.18592E+00
    0.18874E+00
    0.18952E+00
    0.19211E+00
    0.19445E+00
    0.19502E+00
    0.19723E+00
    0.19810E+00
    0.20058E+00
    0.20178E+00
    0.20260E+00
    0.20349E+00
    0.20512E+00
    0.20498E+00
    0.20637E+00
    0.20798E+00
    0.20704E+00
    0.20757E+00
    0.20819E+00
    0.20755E+00
    0.20638E+00
    0.20705E+00
    0.20716E+00
    0.20664E+00
    0.20680E+00
    0.20598E+00
    0.20619E+00
    0.20533E+00
    0.20412E+00
    0.20520E+00
    0.20542E+00
    0.20364E+00
    0.20442E+00
    0.20286E+00
    0.20181E+00
    0.20062E+00
    0.19938E+00
    0.19752E+00
    0.19560E+00
    0.19256E+00
    0.18962E+00
    0.18573E+00
    0.18326E+00
    0.17860E+00
    0.17276E+00
    0.17135E+00
    0.16935E+00
    0.16553E+00
    0.16289E+00
    0.16040E+00
    0.15460E+00
    0.14842E+00
    0.14421E+00
    0.14105E+00
    0.13381E+00
    0.12998E+00
    0.12943E+00
    0.13419E+00
    0.13553E+00
    0.13620E+00
    0.13867E+00
    0.14122E+00
    0.14224E+00
    0.14312E+00
    0.14347E+00
    0.14558E+00
    0.14597E+00
    0.14572E+00
    0.14648E+00
    0.14738E+00
    0.14713E+00
    0.14901E+00
    0.14883E+00
    0.15042E+00
    0.15084E+00
    0.15210E+00
    0.15345E+00
    0.15421E+00
    0.15533E+00
    0.15586E+00
    0.15621E+00
    0.15686E+00
    0.15783E+00
    0.16006E+00
    0.16078E+00
    0.16242E+00
    0.16353E+00
    0.16570E+00
    0.16672E+00
    0.16956E+00
    0.17050E+00
    0.17311E+00
    0.17632E+00
    0.17973E+00
    0.18116E+00
    0.18342E+00
    0.18642E+00
    0.19038E+00
    0.19328E+00
    0.19515E+00
    0.19788E+00
    0.20074E+00
    0.20448E+00
    0.20900E+00
    0.20940E+00
    0.21196E+00
    0.21572E+00
    0.21925E+00
    0.22079E+00
    0.22355E+00
    0.22680E+00
    0.22864E+00
    0.23240E+00
    0.23544E+00
    0.23932E+00
    0.24154E+00
    0.24439E+00
    0.24766E+00
    0.25172E+00
    0.25391E+00
    0.25717E+00
    0.26016E+00
    0.26449E+00
    0.26617E+00
    0.27010E+00
    0.27088E+00
    0.27453E+00
    0.27675E+00
    0.27908E+00
    0.28252E+00
    0.28391E+00
    0.28676E+00
    0.28872E+00
    0.29064E+00
    0.29223E+00
    0.29485E+00
    0.29827E+00
    0.29901E+00
    0.30178E+00
    0.30229E+00
    0.30405E+00
    0.30736E+00
    0.30954E+00
    0.31035E+00
    0.31187E+00
    0.31573E+00
    0.31772E+00
    0.32095E+00
    0.32500E+00
    0.32716E+00
    0.32922E+00
    0.33289E+00
    0.33623E+00
    0.33848E+00
    0.34231E+00
    0.34802E+00
    0.35086E+00
    0.35429E+00
    0.35809E+00
    0.36067E+00
    0.36475E+00
    0.36872E+00
    0.36979E+00
    0.37494E+00
    0.37768E+00
    0.38089E+00
    0.38257E+00
    0.38576E+00
    0.38783E+00
    0.38971E+00
    0.39262E+00
    0.39475E+00
    0.39677E+00
    0.39763E+00
    0.39836E+00
    0.40176E+00
    0.40260E+00
    0.40508E+00
    0.40692E+00
    0.40872E+00
    0.41005E+00
    0.41309E+00
    0.41741E+00
    0.42080E+00
    0.42366E+00
    0.42861E+00
    0.42939E+00
    0.43588E+00
    0.43855E+00
    0.44170E+00
    0.44654E+00
    0.44880E+00
    0.45160E+00
    0.45625E+00
    0.45772E+00
    0.46031E+00
    0.46419E+00
    0.46666E+00
    0.46680E+00
    0.46861E+00
    0.46974E+00
    0.47126E+00
    0.47206E+00
    0.47337E+00
    0.47353E+00
    0.47278E+00
    0.47313E+00
    0.47377E+00
    0.47166E+00
    0.47165E+00
    0.47038E+00
    0.47172E+00
    0.46852E+00
    0.46869E+00
    0.46783E+00
    0.46628E+00
    0.46440E+00
    0.46329E+00
    0.46251E+00
    0.45973E+00
    0.45788E+00
    0.45700E+00
    0.45372E+00
    0.45167E+00
    0.44872E+00
    0.44795E+00
    0.44756E+00
    0.44484E+00
    0.44335E+00
    0.44126E+00
    0.43793E+00
    0.43671E+00
    0.43491E+00
    0.43307E+00
    0.43301E+00
    0.42987E+00
    0.42700E+00
    0.42452E+00
    0.42019E+00
    0.41843E+00
    0.41690E+00
    0.41526E+00
    0.41119E+00
    0.40898E+00
    0.40722E+00
    0.40485E+00
    0.40206E+00
    0.39863E+00
    0.39692E+00
    0.39449E+00
    0.39107E+00
    0.38821E+00
    0.38631E+00
    0.38425E+00
    0.38120E+00
    0.38035E+00
    0.37648E+00
    0.37706E+00
    0.37267E+00
    0.37057E+00
    0.37019E+00
    0.37033E+00
    0.37018E+00
    0.36799E+00
    0.36811E+00
    0.36773E+00
    0.36908E+00
    0.36849E+00
    0.36823E+00
    0.36915E+00
    0.37026E+00
    0.37125E+00
    0.37184E+00
    0.37360E+00
    0.37424E+00
    0.37630E+00
    0.37663E+00
    0.37739E+00
    0.37914E+00
    0.37939E+00
    0.38089E+00
    0.38168E+00
    0.38247E+00
    0.38303E+00
    0.38300E+00
    0.38395E+00
    0.38360E+00
    0.38480E+00
    0.38612E+00
    0.38679E+00
    0.38795E+00
    0.38914E+00
    0.38981E+00
    0.39108E+00
    0.39149E+00
    0.39196E+00
    0.39322E+00
    0.39518E+00
    0.39561E+00
    0.39607E+00
    0.39862E+00
    0.39878E+00
    0.40144E+00
    0.40320E+00
    0.40247E+00
    0.40417E+00
    0.40499E+00
    0.40468E+00
    0.40696E+00
    0.40762E+00
    0.40733E+00
    0.40811E+00
    0.40902E+00
    0.40858E+00
    0.40887E+00
    0.40951E+00
    0.40903E+00
    0.40748E+00
    0.40719E+00
    0.40660E+00
    0.40621E+00
    0.40578E+00
    0.40515E+00
    0.40397E+00
    0.40330E+00
    0.40311E+00
    0.40226E+00
    0.40262E+00
    0.40229E+00
    0.40045E+00
