    0.54187E+00
    0.55788E+00
    0.56927E+00
    0.55819E+00
    0.56831E+00
    0.56117E+00
    0.57302E+00
    0.56056E+00
    0.56128E+00
    0.57310E+00
    0.57987E+00
    0.56661E+00
    0.55950E+00
    0.53788E+00
    0.53067E+00
    0.53191E+00
    0.52082E+00
    0.54333E+00
    0.55007E+00
    0.53756E+00
    0.52162E+00
    0.51474E+00
    0.51548E+00
    0.52114E+00
    0.50131E+00
    0.46164E+00
    0.46946E+00
    0.49629E+00
    0.48561E+00
    0.48120E+00
    0.48452E+00
    0.48184E+00
    0.48564E+00
    0.46447E+00
    0.49366E+00
    0.51524E+00
    0.52392E+00
    0.55520E+00
    0.56282E+00
    0.57873E+00
    0.57768E+00
    0.58639E+00
    0.58460E+00
    0.58857E+00
    0.60219E+00
    0.59218E+00
    0.60345E+00
    0.61506E+00
    0.61530E+00
    0.61082E+00
    0.61938E+00
    0.63037E+00
    0.62588E+00
    0.59804E+00
    0.62761E+00
    0.63903E+00
    0.64614E+00
    0.65784E+00
    0.66339E+00
    0.68013E+00
    0.65823E+00
    0.66926E+00
    0.64474E+00
    0.64311E+00
    0.64274E+00
    0.62969E+00
    0.64575E+00
    0.64820E+00
    0.66988E+00
    0.67833E+00
    0.69881E+00
    0.70471E+00
    0.73198E+00
    0.74139E+00
    0.73223E+00
    0.76035E+00
    0.73572E+00
    0.72007E+00
    0.72423E+00
    0.71293E+00
    0.71280E+00
    0.68612E+00
    0.67153E+00
    0.67198E+00
    0.66375E+00
    0.67431E+00
    0.67869E+00
    0.70381E+00
    0.67766E+00
    0.68512E+00
    0.66779E+00
    0.65396E+00
    0.66858E+00
    0.67672E+00
    0.69934E+00
    0.70469E+00
    0.71423E+00
    0.72715E+00
    0.73886E+00
    0.73874E+00
    0.73610E+00
    0.75878E+00
    0.74019E+00
    0.73330E+00
    0.71881E+00
    0.70696E+00
    0.71947E+00
    0.73368E+00
    0.72982E+00
    0.71209E+00
    0.73409E+00
    0.71257E+00
    0.72247E+00
    0.72687E+00
    0.71947E+00
    0.72982E+00
    0.70370E+00
    0.73070E+00
    0.71107E+00
    0.71987E+00
    0.69989E+00
    0.67652E+00
    0.65636E+00
    0.64887E+00
    0.63353E+00
    0.63844E+00
    0.63818E+00
    0.65345E+00
    0.65172E+00
    0.63703E+00
    0.63535E+00
    0.60520E+00
    0.60711E+00
    0.62100E+00
    0.63726E+00
    0.62904E+00
    0.63531E+00
    0.60804E+00
    0.62736E+00
    0.61356E+00
    0.61490E+00
    0.62016E+00
    0.61758E+00
    0.65249E+00
    0.63992E+00
    0.64823E+00
    0.67297E+00
    0.66888E+00
    0.67961E+00
    0.69070E+00
    0.70946E+00
    0.70587E+00
    0.70195E+00
    0.70672E+00
    0.70389E+00
    0.70878E+00
    0.68475E+00
    0.67796E+00
    0.70175E+00
    0.68435E+00
    0.71353E+00
    0.68874E+00
    0.71339E+00
    0.69958E+00
    0.71238E+00
    0.69713E+00
    0.69213E+00
    0.68279E+00
    0.67878E+00
    0.64958E+00
    0.65514E+00
    0.63480E+00
    0.63700E+00
    0.62921E+00
    0.65311E+00
    0.67908E+00
    0.68984E+00
    0.72907E+00
    0.74901E+00
    0.77340E+00
    0.79777E+00
    0.79434E+00
    0.79181E+00
    0.81809E+00
    0.81927E+00
    0.83260E+00
    0.84783E+00
    0.84451E+00
    0.84374E+00
    0.86433E+00
    0.84990E+00
    0.87077E+00
    0.86264E+00
    0.86399E+00
    0.86512E+00
    0.86334E+00
    0.85806E+00
    0.86394E+00
    0.85542E+00
    0.84349E+00
    0.84070E+00
    0.84615E+00
    0.84913E+00
    0.83733E+00
    0.83923E+00
    0.85443E+00
    0.83411E+00
    0.83674E+00
    0.83759E+00
    0.82316E+00
    0.80622E+00
    0.79444E+00
    0.77991E+00
    0.77762E+00
    0.75712E+00
    0.74684E+00
    0.77040E+00
    0.73610E+00
    0.72182E+00
    0.72810E+00
    0.72360E+00
    0.72751E+00
    0.74901E+00
    0.75136E+00
    0.76444E+00
    0.78924E+00
    0.81748E+00
    0.81915E+00
    0.84427E+00
    0.85355E+00
    0.86501E+00
    0.88177E+00
    0.91105E+00
    0.88189E+00
    0.90687E+00
    0.90761E+00
    0.90605E+00
    0.93703E+00
    0.90944E+00
    0.94453E+00
    0.92406E+00
    0.92350E+00
    0.92993E+00
    0.93608E+00
    0.94662E+00
    0.94625E+00
    0.93801E+00
    0.91994E+00
    0.92970E+00
    0.94916E+00
    0.93473E+00
    0.93748E+00
    0.92215E+00
    0.91917E+00
    0.92333E+00
    0.94044E+00
    0.95143E+00
    0.95940E+00
    0.94262E+00
    0.92523E+00
    0.88862E+00
    0.87098E+00
    0.87223E+00
    0.87680E+00
    0.87146E+00
    0.88887E+00
    0.86443E+00
    0.89844E+00
    0.90660E+00
    0.91258E+00
    0.91138E+00
    0.88418E+00
    0.87949E+00
    0.88733E+00
    0.88705E+00
    0.90328E+00
    0.89619E+00
    0.90593E+00
    0.91732E+00
    0.93472E+00
    0.93740E+00
    0.95191E+00
    0.96603E+00
    0.95536E+00
    0.96843E+00
    0.96782E+00
    0.97604E+00
    0.96211E+00
    0.95370E+00
    0.98032E+00
    0.98240E+00
    0.96802E+00
    0.96918E+00
    0.93536E+00
    0.94170E+00
    0.94206E+00
    0.95079E+00
    0.93653E+00
    0.95140E+00
    0.96242E+00
    0.94605E+00
    0.94314E+00
    0.91670E+00
    0.92506E+00
    0.91529E+00
    0.89767E+00
    0.89972E+00
    0.89884E+00
    0.89653E+00
    0.90047E+00
    0.89177E+00
    0.86479E+00
    0.88279E+00
    0.88754E+00
    0.85910E+00
    0.85867E+00
    0.86198E+00
    0.85508E+00
    0.84958E+00
    0.84005E+00
    0.85422E+00
    0.85628E+00
    0.85479E+00
    0.83806E+00
    0.84656E+00
    0.85926E+00
    0.84163E+00
    0.86495E+00
    0.86341E+00
    0.86290E+00
    0.86731E+00
    0.87573E+00
    0.87449E+00
    0.87664E+00
    0.86608E+00
    0.85810E+00
    0.87580E+00
    0.86289E+00
    0.88505E+00
    0.87641E+00
    0.86522E+00
    0.87637E+00
    0.87714E+00
    0.88744E+00
    0.87027E+00
    0.87078E+00
    0.86390E+00
    0.87154E+00
    0.88926E+00
    0.87430E+00
    0.90887E+00
    0.90168E+00
    0.91978E+00
    0.93161E+00
    0.94262E+00
    0.93870E+00
    0.95681E+00
    0.96357E+00
    0.97898E+00
    0.95607E+00
    0.98361E+00
    0.99767E+00
    0.99302E+00
    0.10037E+01
    0.98084E+00
    0.10058E+01
    0.98196E+00
    0.99411E+00
    0.98168E+00
    0.98914E+00
    0.97920E+00
    0.99052E+00
    0.99675E+00
    0.99269E+00
    0.98825E+00
    0.98664E+00
    0.97370E+00
    0.97160E+00
    0.97736E+00
    0.97496E+00
    0.95393E+00
    0.93506E+00
    0.92904E+00
    0.91983E+00
    0.89927E+00
    0.90722E+00
    0.89427E+00
    0.90936E+00
    0.90114E+00
    0.89668E+00
    0.88630E+00
    0.88519E+00
    0.83859E+00
    0.85828E+00
    0.84531E+00
    0.83623E+00
    0.83574E+00
    0.83982E+00
    0.83656E+00
    0.81754E+00
    0.81569E+00
    0.81664E+00
    0.80108E+00
    0.78688E+00
    0.79690E+00
    0.80160E+00
    0.80639E+00
    0.78548E+00
    0.79255E+00
    0.79348E+00
    0.75833E+00
    0.78330E+00
    0.78394E+00
    0.79454E+00
    0.78452E+00
    0.76849E+00
    0.77628E+00
    0.77097E+00
    0.77572E+00
    0.77645E+00
    0.77185E+00
    0.74815E+00
    0.75784E+00
    0.74475E+00
    0.75823E+00
    0.74769E+00
    0.74103E+00
    0.72741E+00
    0.69824E+00
    0.71956E+00
    0.68696E+00
    0.67246E+00
    0.65381E+00
    0.64087E+00
    0.64584E+00
    0.63487E+00
    0.62783E+00
    0.61474E+00
    0.61443E+00
    0.60861E+00
    0.61608E+00
    0.59214E+00
    0.57640E+00
    0.56112E+00
    0.56283E+00
    0.54575E+00
    0.53663E+00
    0.50023E+00
    0.50327E+00
    0.49701E+00
    0.50590E+00
    0.50389E+00
    0.50013E+00
    0.49308E+00
    0.49400E+00
    0.50130E+00
    0.51580E+00
    0.51991E+00
    0.49240E+00
    0.48206E+00
    0.47660E+00
    0.49286E+00
    0.47372E+00
    0.44765E+00
    0.45149E+00
    0.43816E+00
    0.44587E+00
    0.43019E+00
    0.43610E+00
    0.42117E+00
    0.42481E+00
    0.42860E+00
    0.43190E+00
    0.43060E+00
    0.42675E+00
    0.43997E+00
    0.44481E+00
    0.44227E+00
    0.43030E+00
    0.42008E+00
    0.43813E+00
    0.42716E+00
    0.44703E+00
    0.44695E+00
    0.45280E+00
    0.44986E+00
    0.44330E+00
    0.44043E+00
    0.42054E+00
    0.42904E+00
    0.43133E+00
    0.43068E+00
    0.42933E+00
    0.43013E+00
    0.42247E+00
    0.42128E+00
    0.42531E+00
    0.41824E+00
    0.42339E+00
    0.42503E+00
    0.44010E+00
    0.42803E+00
    0.42311E+00
    0.43269E+00
    0.43100E+00
    0.44843E+00
    0.46800E+00
    0.48226E+00
    0.47568E+00
    0.48697E+00
    0.48613E+00
    0.47528E+00
    0.49033E+00
    0.49295E+00
    0.47709E+00
    0.47654E+00
    0.48106E+00
    0.48651E+00
    0.46942E+00
    0.47411E+00
    0.47492E+00
    0.47639E+00
    0.49002E+00
    0.49327E+00
    0.48167E+00
    0.49431E+00
    0.49884E+00
    0.50256E+00
    0.52209E+00
    0.52751E+00
    0.53227E+00
    0.52078E+00
    0.53592E+00
    0.53802E+00
    0.54224E+00
    0.55068E+00
    0.54306E+00
    0.54461E+00
    0.54806E+00
    0.54228E+00
    0.53362E+00
    0.55081E+00
    0.54879E+00
    0.55742E+00
    0.54735E+00
    0.57726E+00
    0.57129E+00
    0.57496E+00
    0.58379E+00
    0.59426E+00
    0.58748E+00
    0.58519E+00
    0.57892E+00
    0.57403E+00
    0.57066E+00
    0.56460E+00
    0.56586E+00
    0.56283E+00
    0.56009E+00
    0.56072E+00
    0.56953E+00
    0.57442E+00
    0.57988E+00
    0.58420E+00
    0.58760E+00
    0.58255E+00
    0.56931E+00
    0.57784E+00
    0.58074E+00
    0.59220E+00
    0.57293E+00
    0.55903E+00
    0.55012E+00
    0.54337E+00
    0.54322E+00
    0.53779E+00
    0.52689E+00
    0.54527E+00
    0.53193E+00
    0.52996E+00
    0.52770E+00
    0.53351E+00
    0.55251E+00
    0.55699E+00
    0.54675E+00
    0.55969E+00
    0.55910E+00
    0.56009E+00
    0.56149E+00
    0.56014E+00
    0.55638E+00
    0.55442E+00
    0.55283E+00
    0.56040E+00
    0.55748E+00
    0.54505E+00
    0.52863E+00
    0.51688E+00
    0.51204E+00
    0.48930E+00
    0.50126E+00
    0.50228E+00
    0.49751E+00
    0.49157E+00
    0.50856E+00
    0.49025E+00
    0.48604E+00
    0.49240E+00
    0.49537E+00
    0.48526E+00
    0.50579E+00
    0.48949E+00
    0.51124E+00
    0.52894E+00
    0.53855E+00
    0.52770E+00
    0.53609E+00
    0.53526E+00
    0.54577E+00
    0.53737E+00
    0.55879E+00
    0.55160E+00
    0.54948E+00
    0.55409E+00
    0.58912E+00
    0.58633E+00
    0.59677E+00
    0.59183E+00
    0.58508E+00
    0.59900E+00
    0.59347E+00
    0.57324E+00
    0.56459E+00
    0.57918E+00
    0.54314E+00
    0.54732E+00
    0.54378E+00
    0.54076E+00
    0.54038E+00
    0.53468E+00
