    0.66299E+00
    0.69440E+00
    0.70139E+00
    0.67900E+00
    0.67171E+00
    0.66930E+00
    0.63739E+00
    0.61392E+00
    0.59323E+00
    0.57251E+00
    0.55749E+00
    0.52515E+00
    0.52270E+00
    0.52853E+00
    0.52879E+00
    0.53377E+00
    0.55349E+00
    0.56658E+00
    0.57026E+00
    0.57151E+00
    0.54620E+00
    0.51694E+00
    0.51450E+00
    0.49779E+00
    0.47449E+00
    0.46410E+00
    0.50851E+00
    0.52596E+00
    0.54778E+00
    0.53796E+00
    0.55284E+00
    0.56100E+00
    0.54566E+00
    0.54004E+00
    0.56244E+00
    0.58852E+00
    0.60789E+00
    0.60502E+00
    0.61678E+00
    0.60502E+00
    0.60294E+00
    0.60832E+00
    0.62362E+00
    0.62512E+00
    0.63289E+00
    0.64992E+00
    0.66261E+00
    0.65255E+00
    0.63571E+00
    0.63911E+00
    0.63423E+00
    0.62705E+00
    0.59647E+00
    0.61268E+00
    0.64810E+00
    0.64080E+00
    0.64068E+00
    0.66057E+00
    0.66183E+00
    0.67119E+00
    0.67014E+00
    0.66859E+00
    0.64431E+00
    0.59577E+00
    0.57893E+00
    0.59658E+00
    0.60855E+00
    0.64253E+00
    0.66443E+00
    0.70338E+00
    0.74074E+00
    0.76573E+00
    0.78519E+00
    0.78249E+00
    0.78372E+00
    0.77953E+00
    0.77168E+00
    0.76394E+00
    0.74385E+00
    0.72194E+00
    0.64953E+00
    0.62141E+00
    0.62123E+00
    0.62944E+00
    0.64678E+00
    0.65725E+00
    0.66045E+00
    0.67355E+00
    0.66227E+00
    0.63732E+00
    0.63120E+00
    0.62033E+00
    0.58129E+00
    0.56590E+00
    0.56833E+00
    0.57950E+00
    0.61573E+00
    0.61463E+00
    0.64339E+00
    0.65926E+00
    0.66191E+00
    0.64002E+00
    0.63401E+00
    0.60380E+00
    0.60373E+00
    0.58125E+00
    0.57573E+00
    0.59465E+00
    0.63227E+00
    0.64413E+00
    0.63608E+00
    0.64033E+00
    0.58481E+00
    0.58189E+00
    0.58836E+00
    0.61555E+00
    0.63751E+00
    0.64994E+00
    0.64282E+00
    0.65750E+00
    0.62773E+00
    0.60123E+00
    0.56642E+00
    0.54881E+00
    0.54535E+00
    0.57203E+00
    0.58327E+00
    0.61175E+00
    0.63901E+00
    0.65723E+00
    0.63604E+00
    0.60334E+00
    0.58820E+00
    0.58622E+00
    0.57335E+00
    0.56420E+00
    0.59605E+00
    0.61353E+00
    0.61158E+00
    0.61287E+00
    0.61851E+00
    0.61138E+00
    0.63669E+00
    0.64109E+00
    0.65786E+00
    0.70177E+00
    0.70850E+00
    0.74399E+00
    0.77420E+00
    0.79373E+00
    0.77850E+00
    0.77162E+00
    0.75564E+00
    0.70205E+00
    0.67942E+00
    0.64569E+00
    0.62236E+00
    0.59168E+00
    0.57061E+00
    0.57431E+00
    0.60945E+00
    0.63408E+00
    0.66355E+00
    0.68368E+00
    0.66769E+00
    0.65472E+00
    0.61647E+00
    0.59557E+00
    0.56908E+00
    0.53946E+00
    0.52878E+00
    0.52983E+00
    0.51957E+00
    0.51795E+00
    0.53797E+00
    0.57644E+00
    0.61403E+00
    0.66751E+00
    0.68691E+00
    0.72394E+00
    0.74335E+00
    0.77105E+00
    0.79230E+00
    0.82045E+00
    0.80796E+00
    0.83278E+00
    0.87050E+00
    0.85212E+00
    0.81655E+00
    0.78842E+00
    0.76150E+00
    0.73019E+00
    0.71016E+00
    0.70043E+00
    0.69149E+00
    0.67705E+00
    0.68768E+00
    0.69704E+00
    0.71105E+00
    0.73200E+00
    0.74198E+00
    0.77481E+00
    0.79755E+00
    0.79848E+00
    0.77652E+00
    0.76366E+00
    0.73903E+00
    0.71327E+00
    0.68797E+00
    0.66591E+00
    0.61813E+00
    0.60974E+00
    0.60466E+00
    0.58820E+00
    0.59440E+00
    0.59313E+00
    0.60017E+00
    0.59157E+00
    0.62298E+00
    0.64313E+00
    0.65474E+00
    0.68529E+00
    0.69440E+00
    0.71190E+00
    0.75041E+00
    0.78916E+00
    0.81805E+00
    0.82942E+00
    0.82424E+00
    0.82735E+00
    0.83485E+00
    0.83558E+00
    0.84304E+00
    0.85352E+00
    0.86088E+00
    0.86407E+00
    0.85327E+00
    0.84585E+00
    0.82883E+00
    0.81017E+00
    0.81018E+00
    0.80122E+00
    0.79565E+00
    0.75788E+00
    0.75747E+00
    0.75742E+00
    0.75791E+00
    0.80035E+00
    0.81751E+00
    0.82698E+00
    0.85047E+00
    0.84166E+00
    0.82652E+00
    0.80273E+00
    0.75894E+00
    0.68409E+00
    0.64439E+00
    0.63599E+00
    0.62575E+00
    0.62550E+00
    0.64033E+00
    0.66170E+00
    0.67534E+00
    0.68281E+00
    0.69517E+00
    0.70540E+00
    0.70967E+00
    0.71948E+00
    0.74417E+00
    0.73244E+00
    0.73923E+00
    0.73652E+00
    0.74898E+00
    0.74945E+00
    0.74452E+00
    0.74424E+00
    0.75379E+00
    0.74495E+00
    0.75240E+00
    0.73174E+00
    0.75145E+00
    0.77185E+00
    0.77020E+00
    0.80255E+00
    0.82373E+00
    0.83873E+00
    0.87176E+00
    0.92846E+00
    0.95563E+00
    0.96916E+00
    0.97706E+00
    0.10069E+01
    0.98622E+00
    0.99091E+00
    0.93038E+00
    0.88169E+00
    0.85160E+00
    0.81483E+00
    0.80480E+00
    0.79149E+00
    0.76769E+00
    0.75507E+00
    0.75149E+00
    0.71952E+00
    0.68729E+00
    0.69927E+00
    0.65635E+00
    0.64640E+00
    0.63106E+00
    0.60256E+00
    0.60031E+00
    0.59070E+00
    0.59029E+00
    0.61283E+00
    0.64047E+00
    0.67247E+00
    0.70035E+00
    0.72214E+00
    0.73834E+00
    0.74609E+00
    0.73139E+00
    0.70200E+00
    0.68582E+00
    0.67741E+00
    0.65966E+00
    0.65676E+00
    0.66238E+00
    0.67444E+00
    0.68484E+00
    0.68899E+00
    0.71310E+00
    0.74611E+00
    0.75623E+00
    0.77206E+00
    0.77318E+00
    0.78356E+00
    0.79930E+00
    0.77683E+00
    0.78644E+00
    0.74932E+00
    0.73656E+00
    0.72662E+00
    0.72955E+00
    0.71654E+00
    0.71123E+00
    0.71579E+00
    0.72983E+00
    0.72977E+00
    0.74020E+00
    0.75397E+00
    0.74919E+00
    0.78949E+00
    0.82738E+00
    0.84731E+00
    0.87102E+00
    0.89213E+00
    0.89629E+00
    0.86988E+00
    0.84575E+00
    0.81916E+00
    0.81203E+00
    0.79233E+00
    0.78998E+00
    0.80479E+00
    0.80966E+00
    0.81586E+00
    0.79447E+00
    0.78714E+00
    0.76259E+00
    0.72724E+00
    0.70954E+00
    0.69682E+00
    0.67586E+00
    0.66726E+00
    0.65726E+00
    0.66426E+00
    0.67850E+00
    0.68094E+00
    0.69231E+00
    0.68260E+00
    0.71259E+00
    0.72147E+00
    0.72619E+00
    0.70284E+00
    0.69357E+00
    0.69700E+00
    0.68607E+00
    0.67055E+00
    0.63806E+00
    0.62905E+00
    0.62935E+00
    0.61789E+00
    0.62965E+00
    0.59972E+00
    0.58939E+00
    0.58513E+00
    0.58572E+00
    0.57808E+00
    0.57790E+00
    0.56788E+00
    0.55854E+00
    0.54078E+00
    0.54832E+00
    0.53386E+00
    0.54017E+00
    0.55187E+00
    0.56681E+00
    0.57102E+00
    0.57468E+00
    0.57516E+00
    0.57615E+00
    0.55027E+00
    0.53855E+00
    0.55597E+00
    0.55954E+00
    0.55663E+00
    0.55323E+00
    0.57412E+00
    0.59283E+00
    0.60500E+00
    0.61393E+00
    0.61851E+00
    0.61571E+00
    0.63336E+00
    0.61580E+00
    0.60622E+00
    0.59858E+00
    0.58468E+00
    0.58501E+00
    0.58862E+00
    0.58637E+00
    0.58750E+00
    0.57219E+00
    0.55966E+00
    0.55542E+00
    0.54480E+00
    0.55311E+00
    0.56380E+00
    0.56978E+00
    0.58004E+00
    0.58329E+00
    0.55672E+00
    0.55044E+00
    0.52832E+00
    0.51433E+00
    0.47624E+00
    0.45962E+00
    0.41713E+00
    0.42899E+00
    0.43904E+00
    0.45951E+00
    0.48962E+00
    0.50297E+00
    0.49603E+00
    0.50038E+00
    0.50076E+00
    0.52187E+00
    0.53759E+00
    0.51803E+00
    0.50263E+00
    0.48980E+00
    0.47993E+00
    0.46124E+00
    0.44807E+00
    0.43749E+00
    0.42562E+00
    0.42118E+00
    0.42635E+00
    0.43825E+00
    0.44330E+00
    0.43632E+00
    0.44561E+00
    0.44413E+00
    0.44711E+00
    0.43922E+00
    0.46204E+00
    0.46474E+00
    0.48088E+00
    0.46637E+00
    0.44920E+00
    0.47626E+00
    0.49569E+00
    0.50213E+00
    0.51798E+00
    0.50808E+00
    0.49818E+00
    0.48543E+00
    0.48370E+00
    0.46766E+00
    0.46034E+00
    0.47257E+00
    0.47816E+00
    0.47378E+00
    0.47658E+00
    0.49427E+00
    0.49408E+00
    0.48815E+00
    0.49897E+00
    0.50398E+00
    0.51135E+00
    0.52169E+00
    0.52131E+00
    0.51904E+00
    0.51706E+00
    0.52495E+00
    0.52478E+00
    0.56859E+00
    0.58901E+00
    0.61875E+00
    0.62061E+00
    0.61281E+00
    0.60896E+00
    0.61150E+00
    0.59645E+00
    0.55922E+00
    0.56852E+00
    0.55001E+00
    0.54523E+00
    0.53670E+00
    0.52368E+00
    0.52824E+00
    0.53160E+00
    0.52811E+00
    0.53574E+00
    0.55402E+00
    0.56192E+00
    0.56669E+00
    0.56907E+00
    0.58481E+00
    0.59101E+00
    0.59609E+00
    0.61051E+00
    0.61103E+00
    0.61003E+00
    0.60535E+00
    0.59796E+00
    0.58831E+00
    0.58457E+00
    0.58104E+00
    0.58219E+00
    0.59347E+00
    0.60896E+00
    0.62639E+00
    0.63158E+00
    0.64695E+00
    0.67669E+00
    0.69273E+00
    0.69529E+00
    0.69962E+00
    0.67530E+00
    0.65864E+00
    0.64764E+00
    0.64437E+00
    0.63865E+00
    0.60561E+00
    0.59213E+00
    0.57593E+00
    0.56544E+00
    0.57129E+00
    0.57615E+00
    0.58484E+00
    0.59961E+00
    0.59526E+00
    0.58991E+00
    0.58432E+00
    0.58158E+00
    0.55804E+00
    0.56158E+00
    0.55874E+00
    0.56437E+00
    0.56698E+00
    0.55497E+00
    0.54660E+00
    0.53698E+00
    0.55031E+00
    0.54345E+00
    0.55119E+00
    0.56444E+00
    0.55579E+00
    0.55673E+00
    0.57001E+00
    0.58052E+00
    0.58213E+00
    0.59715E+00
    0.59140E+00
    0.61975E+00
    0.63116E+00
    0.63821E+00
    0.61382E+00
    0.58669E+00
    0.56735E+00
    0.56187E+00
    0.55910E+00
    0.56112E+00
    0.53266E+00
    0.50762E+00
    0.48433E+00
    0.47050E+00
    0.47382E+00
    0.46838E+00
    0.47124E+00
    0.48355E+00
    0.49061E+00
    0.50619E+00
    0.51382E+00
    0.51067E+00
    0.49709E+00
    0.52316E+00
    0.52890E+00
    0.53693E+00
    0.54736E+00
    0.54069E+00
    0.58256E+00
    0.60719E+00
    0.60036E+00
    0.58629E+00
    0.58774E+00
    0.60065E+00
    0.59924E+00
    0.60023E+00
    0.62672E+00
    0.63703E+00
    0.64772E+00
    0.65326E+00
    0.66504E+00
    0.72524E+00
    0.71257E+00
    0.72117E+00
    0.70212E+00
    0.69252E+00
    0.64808E+00
    0.58859E+00
    0.57151E+00
    0.49104E+00
    0.46764E+00
    0.48767E+00
    0.51668E+00
    0.54690E+00
    0.55845E+00
    0.57885E+00
