    0.44955E+00
    0.45028E+00
    0.45114E+00
    0.45184E+00
    0.45304E+00
    0.45015E+00
    0.45061E+00
    0.44957E+00
    0.44799E+00
    0.44714E+00
    0.44726E+00
    0.44651E+00
    0.44383E+00
    0.44360E+00
    0.44138E+00
    0.43840E+00
    0.43776E+00
    0.43698E+00
    0.43362E+00
    0.43154E+00
    0.42812E+00
    0.42635E+00
    0.42235E+00
    0.42010E+00
    0.41892E+00
    0.41772E+00
    0.41697E+00
    0.41857E+00
    0.41745E+00
    0.41707E+00
    0.41835E+00
    0.42280E+00
    0.42365E+00
    0.42805E+00
    0.43130E+00
    0.43684E+00
    0.44095E+00
    0.44755E+00
    0.45168E+00
    0.45711E+00
    0.46112E+00
    0.46581E+00
    0.47175E+00
    0.47549E+00
    0.48017E+00
    0.48368E+00
    0.48774E+00
    0.49135E+00
    0.49518E+00
    0.49645E+00
    0.49784E+00
    0.50357E+00
    0.50570E+00
    0.50836E+00
    0.51228E+00
    0.51438E+00
    0.51895E+00
    0.52107E+00
    0.52458E+00
    0.52806E+00
    0.52684E+00
    0.52881E+00
    0.53024E+00
    0.52935E+00
    0.53213E+00
    0.53248E+00
    0.53747E+00
    0.54050E+00
    0.54324E+00
    0.54946E+00
    0.55255E+00
    0.55716E+00
    0.55925E+00
    0.56343E+00
    0.56477E+00
    0.56747E+00
    0.56500E+00
    0.56383E+00
    0.56218E+00
    0.56183E+00
    0.55839E+00
    0.55833E+00
    0.55648E+00
    0.55484E+00
    0.55487E+00
    0.55151E+00
    0.55051E+00
    0.55035E+00
    0.54921E+00
    0.54847E+00
    0.54720E+00
    0.55006E+00
    0.55275E+00
    0.55520E+00
    0.55695E+00
    0.56296E+00
    0.56658E+00
    0.56921E+00
    0.57281E+00
    0.57633E+00
    0.57610E+00
    0.57873E+00
    0.58028E+00
    0.58075E+00
    0.58123E+00
    0.58217E+00
    0.58137E+00
    0.58069E+00
    0.58085E+00
    0.57811E+00
    0.58157E+00
    0.58149E+00
    0.57791E+00
    0.57632E+00
    0.57594E+00
    0.57575E+00
    0.57260E+00
    0.56970E+00
    0.56664E+00
    0.56249E+00
    0.55708E+00
    0.55457E+00
    0.55136E+00
    0.54646E+00
    0.54167E+00
    0.54063E+00
    0.53694E+00
    0.53317E+00
    0.53031E+00
    0.52889E+00
    0.52457E+00
    0.52310E+00
    0.51933E+00
    0.51766E+00
    0.51645E+00
    0.51557E+00
    0.51437E+00
    0.51463E+00
    0.51550E+00
    0.51311E+00
    0.51647E+00
    0.51864E+00
    0.51965E+00
    0.52406E+00
    0.52689E+00
    0.52930E+00
    0.53185E+00
    0.53468E+00
    0.53992E+00
    0.54239E+00
    0.54780E+00
    0.54938E+00
    0.55257E+00
    0.55608E+00
    0.55711E+00
    0.55998E+00
    0.56083E+00
    0.55950E+00
    0.56072E+00
    0.56023E+00
    0.56080E+00
    0.55856E+00
    0.56205E+00
    0.55990E+00
    0.56227E+00
    0.56225E+00
    0.56117E+00
    0.56136E+00
    0.56016E+00
    0.56024E+00
    0.56055E+00
    0.56297E+00
    0.56485E+00
    0.57020E+00
    0.57387E+00
    0.57938E+00
    0.58416E+00
    0.59071E+00
    0.59948E+00
    0.60710E+00
    0.61374E+00
    0.62061E+00
    0.62892E+00
    0.63286E+00
    0.64098E+00
    0.64576E+00
    0.65170E+00
    0.65870E+00
    0.66470E+00
    0.66811E+00
    0.67559E+00
    0.67586E+00
    0.67884E+00
    0.68330E+00
    0.68507E+00
    0.68235E+00
    0.68526E+00
    0.68163E+00
    0.68024E+00
    0.67816E+00
    0.67634E+00
    0.67132E+00
    0.66919E+00
    0.66601E+00
    0.66242E+00
    0.65934E+00
    0.65832E+00
    0.65490E+00
    0.65464E+00
    0.65137E+00
    0.65008E+00
    0.64626E+00
    0.64405E+00
    0.64134E+00
    0.63947E+00
    0.63558E+00
    0.63395E+00
    0.63270E+00
    0.63192E+00
    0.63053E+00
    0.63257E+00
    0.63382E+00
    0.63845E+00
    0.64297E+00
    0.64609E+00
    0.65499E+00
    0.66395E+00
    0.66934E+00
    0.67624E+00
    0.68425E+00
    0.69122E+00
    0.69715E+00
    0.70231E+00
    0.70505E+00
    0.70917E+00
    0.71258E+00
    0.71723E+00
    0.72220E+00
    0.72818E+00
    0.73096E+00
    0.73630E+00
    0.73864E+00
    0.74152E+00
    0.74277E+00
    0.74373E+00
    0.74302E+00
    0.74158E+00
    0.73758E+00
    0.73571E+00
    0.73335E+00
    0.72992E+00
    0.72947E+00
    0.72762E+00
    0.72625E+00
    0.73083E+00
    0.73185E+00
    0.73701E+00
    0.73698E+00
    0.73763E+00
    0.73484E+00
    0.72993E+00
    0.72754E+00
    0.72674E+00
    0.72558E+00
    0.72298E+00
    0.72362E+00
    0.72305E+00
    0.72594E+00
    0.72576E+00
    0.72636E+00
    0.72489E+00
    0.72650E+00
    0.73065E+00
    0.72953E+00
    0.73279E+00
    0.73734E+00
    0.74186E+00
    0.74480E+00
    0.75497E+00
    0.75889E+00
    0.76511E+00
    0.77075E+00
    0.77429E+00
    0.77720E+00
    0.78260E+00
    0.78407E+00
    0.78767E+00
    0.78347E+00
    0.78286E+00
    0.77881E+00
    0.77428E+00
    0.76387E+00
    0.75681E+00
    0.74352E+00
    0.73833E+00
    0.73421E+00
    0.73521E+00
    0.73409E+00
    0.73763E+00
    0.73728E+00
    0.73644E+00
    0.73484E+00
    0.73443E+00
    0.72926E+00
    0.72887E+00
    0.72675E+00
    0.72676E+00
    0.72462E+00
    0.72473E+00
    0.72466E+00
    0.72452E+00
    0.72080E+00
    0.71722E+00
    0.71374E+00
    0.71013E+00
    0.70479E+00
    0.70122E+00
    0.69312E+00
    0.69047E+00
    0.68895E+00
    0.68906E+00
    0.69063E+00
    0.69226E+00
    0.69335E+00
    0.69438E+00
    0.69645E+00
    0.69757E+00
    0.69727E+00
    0.69840E+00
    0.69711E+00
    0.69658E+00
    0.69556E+00
    0.69371E+00
    0.69352E+00
    0.69237E+00
    0.69349E+00
    0.69278E+00
    0.69351E+00
    0.69527E+00
    0.69659E+00
    0.69815E+00
    0.70147E+00
    0.70348E+00
    0.70114E+00
    0.70802E+00
    0.70901E+00
    0.70998E+00
    0.71220E+00
    0.71666E+00
    0.72056E+00
    0.72364E+00
    0.72506E+00
    0.72839E+00
    0.73287E+00
    0.74408E+00
    0.75203E+00
    0.75776E+00
    0.76233E+00
    0.77165E+00
    0.77656E+00
    0.77855E+00
    0.78394E+00
    0.78252E+00
    0.78283E+00
    0.78368E+00
    0.78009E+00
    0.77964E+00
    0.77781E+00
    0.78046E+00
    0.78055E+00
    0.78250E+00
    0.78467E+00
    0.78548E+00
    0.78744E+00
    0.78732E+00
    0.78409E+00
    0.78149E+00
    0.77630E+00
    0.77044E+00
    0.76355E+00
    0.75579E+00
    0.74592E+00
    0.73908E+00
    0.73044E+00
    0.72081E+00
    0.71776E+00
    0.71151E+00
    0.70577E+00
    0.70324E+00
    0.70248E+00
    0.69784E+00
    0.69351E+00
    0.68999E+00
    0.68843E+00
    0.68636E+00
    0.68064E+00
    0.68020E+00
    0.67219E+00
    0.67243E+00
    0.66837E+00
    0.66486E+00
    0.66104E+00
    0.65729E+00
    0.65664E+00
    0.65165E+00
    0.64895E+00
    0.64633E+00
    0.64287E+00
    0.64064E+00
    0.63867E+00
    0.63586E+00
    0.63390E+00
    0.63191E+00
    0.62824E+00
    0.62793E+00
    0.62320E+00
    0.62021E+00
    0.61843E+00
    0.61614E+00
    0.61122E+00
    0.60928E+00
    0.60460E+00
    0.59963E+00
    0.59403E+00
    0.59007E+00
    0.58512E+00
    0.57847E+00
    0.57432E+00
    0.56716E+00
    0.56092E+00
    0.55131E+00
    0.54720E+00
    0.54015E+00
    0.53268E+00
    0.52586E+00
    0.51967E+00
    0.51092E+00
    0.50557E+00
    0.49721E+00
    0.49084E+00
    0.48535E+00
    0.47718E+00
    0.47140E+00
    0.46369E+00
    0.45481E+00
    0.44922E+00
    0.44036E+00
    0.43428E+00
    0.42887E+00
    0.42513E+00
    0.42021E+00
    0.41780E+00
    0.41587E+00
    0.41022E+00
    0.40855E+00
    0.40531E+00
    0.40203E+00
    0.39898E+00
    0.39627E+00
    0.39253E+00
    0.38801E+00
    0.38462E+00
    0.38089E+00
    0.37699E+00
    0.37384E+00
    0.37067E+00
    0.36820E+00
    0.36425E+00
    0.36298E+00
    0.35954E+00
    0.35965E+00
    0.35816E+00
    0.35650E+00
    0.35536E+00
    0.35469E+00
    0.35253E+00
    0.35302E+00
    0.35244E+00
    0.35242E+00
    0.35174E+00
    0.35306E+00
    0.35149E+00
    0.35267E+00
    0.35338E+00
    0.35192E+00
    0.35170E+00
    0.35170E+00
    0.35162E+00
    0.35069E+00
    0.34886E+00
    0.34985E+00
    0.35119E+00
    0.35187E+00
    0.35010E+00
    0.35111E+00
    0.35197E+00
    0.35239E+00
    0.35455E+00
    0.35587E+00
    0.35780E+00
    0.35872E+00
    0.36055E+00
    0.36167E+00
    0.36347E+00
    0.36562E+00
    0.36804E+00
    0.36834E+00
    0.37272E+00
    0.37494E+00
    0.37784E+00
    0.38018E+00
    0.38067E+00
    0.38290E+00
    0.38393E+00
    0.38490E+00
    0.38561E+00
    0.38851E+00
    0.38889E+00
    0.38978E+00
    0.39271E+00
    0.39501E+00
    0.39490E+00
    0.39833E+00
    0.40016E+00
    0.40405E+00
    0.40698E+00
    0.40976E+00
    0.41177E+00
    0.41690E+00
    0.41919E+00
    0.42199E+00
    0.42333E+00
    0.42691E+00
    0.42822E+00
    0.43183E+00
    0.43372E+00
    0.43444E+00
    0.43745E+00
    0.43984E+00
    0.44110E+00
    0.44462E+00
    0.44667E+00
    0.44934E+00
    0.45198E+00
    0.45304E+00
    0.45570E+00
    0.45709E+00
    0.45850E+00
    0.45920E+00
    0.46094E+00
    0.45926E+00
    0.46265E+00
    0.46121E+00
    0.46193E+00
    0.46169E+00
    0.46022E+00
    0.46009E+00
    0.46000E+00
    0.46112E+00
    0.46078E+00
    0.45982E+00
    0.46258E+00
    0.46234E+00
    0.46067E+00
    0.46238E+00
    0.46079E+00
    0.46162E+00
    0.45984E+00
    0.45764E+00
    0.45600E+00
    0.45665E+00
    0.45219E+00
    0.45010E+00
    0.44906E+00
    0.44720E+00
    0.44400E+00
    0.44310E+00
    0.44201E+00
    0.44101E+00
    0.44029E+00
    0.43931E+00
    0.43872E+00
    0.43675E+00
    0.43919E+00
    0.43924E+00
    0.43745E+00
    0.43819E+00
    0.43846E+00
    0.43867E+00
    0.43694E+00
    0.43738E+00
    0.43592E+00
    0.43455E+00
    0.43224E+00
    0.43131E+00
    0.42906E+00
    0.42676E+00
    0.42649E+00
    0.42357E+00
    0.42104E+00
    0.41928E+00
    0.41997E+00
    0.41856E+00
    0.41837E+00
    0.41781E+00
    0.41807E+00
    0.41968E+00
    0.42012E+00
    0.42107E+00
    0.42385E+00
    0.42504E+00
    0.42892E+00
    0.43025E+00
    0.43343E+00
    0.43634E+00
    0.43951E+00
    0.44033E+00
    0.44227E+00
    0.44453E+00
    0.44629E+00
    0.45002E+00
    0.45033E+00
    0.45311E+00
    0.45510E+00
    0.45902E+00
    0.45993E+00
    0.46092E+00
    0.46249E+00
    0.46254E+00
    0.46137E+00
    0.45910E+00
    0.45955E+00
    0.45618E+00
    0.45499E+00
    0.45167E+00
    0.45134E+00
    0.44978E+00
    0.44801E+00
    0.44857E+00
    0.44975E+00
