    0.59124E+00
    0.61102E+00
    0.62436E+00
    0.60198E+00
    0.57683E+00
    0.55640E+00
    0.52524E+00
    0.48948E+00
    0.47127E+00
    0.43342E+00
    0.40636E+00
    0.41242E+00
    0.41076E+00
    0.42653E+00
    0.45289E+00
    0.47703E+00
    0.47688E+00
    0.47835E+00
    0.46312E+00
    0.43917E+00
    0.42921E+00
    0.42903E+00
    0.43147E+00
    0.43248E+00
    0.43179E+00
    0.44935E+00
    0.48119E+00
    0.50017E+00
    0.52005E+00
    0.53202E+00
    0.53663E+00
    0.54540E+00
    0.54336E+00
    0.55139E+00
    0.55929E+00
    0.56212E+00
    0.55928E+00
    0.54044E+00
    0.51792E+00
    0.51403E+00
    0.50584E+00
    0.51994E+00
    0.48810E+00
    0.49655E+00
    0.46231E+00
    0.45704E+00
    0.45694E+00
    0.45090E+00
    0.41800E+00
    0.41999E+00
    0.41378E+00
    0.41834E+00
    0.41966E+00
    0.43753E+00
    0.43064E+00
    0.42993E+00
    0.41855E+00
    0.41842E+00
    0.41607E+00
    0.41113E+00
    0.39164E+00
    0.39002E+00
    0.39605E+00
    0.41556E+00
    0.41619E+00
    0.42459E+00
    0.41120E+00
    0.41828E+00
    0.41277E+00
    0.40406E+00
    0.40499E+00
    0.39860E+00
    0.38379E+00
    0.36975E+00
    0.37941E+00
    0.38128E+00
    0.38472E+00
    0.39827E+00
    0.40217E+00
    0.40983E+00
    0.41442E+00
    0.41692E+00
    0.42508E+00
    0.42542E+00
    0.42669E+00
    0.42881E+00
    0.41547E+00
    0.40688E+00
    0.40485E+00
    0.39025E+00
    0.39365E+00
    0.38933E+00
    0.36734E+00
    0.35729E+00
    0.35024E+00
    0.33755E+00
    0.33287E+00
    0.32309E+00
    0.31827E+00
    0.31264E+00
    0.30726E+00
    0.31876E+00
    0.31510E+00
    0.32073E+00
    0.32978E+00
    0.32021E+00
    0.33031E+00
    0.34219E+00
    0.35110E+00
    0.34231E+00
    0.32508E+00
    0.33094E+00
    0.33173E+00
    0.33750E+00
    0.33171E+00
    0.33367E+00
    0.33476E+00
    0.34659E+00
    0.35378E+00
    0.35114E+00
    0.36754E+00
    0.38779E+00
    0.38603E+00
    0.39365E+00
    0.39480E+00
    0.39774E+00
    0.40416E+00
    0.41236E+00
    0.41668E+00
    0.41512E+00
    0.42224E+00
    0.44211E+00
    0.44269E+00
    0.43201E+00
    0.43906E+00
    0.43785E+00
    0.43635E+00
    0.44047E+00
    0.44876E+00
    0.45438E+00
    0.46317E+00
    0.45453E+00
    0.46904E+00
    0.46887E+00
    0.48383E+00
    0.50457E+00
    0.51081E+00
    0.50355E+00
    0.49577E+00
    0.47581E+00
    0.46605E+00
    0.46172E+00
    0.44698E+00
    0.43315E+00
    0.43907E+00
    0.43140E+00
    0.41710E+00
    0.41918E+00
    0.41321E+00
    0.40094E+00
    0.37568E+00
    0.36813E+00
    0.35899E+00
    0.35184E+00
    0.34157E+00
    0.33858E+00
    0.34827E+00
    0.34904E+00
    0.33493E+00
    0.34110E+00
    0.33424E+00
    0.34148E+00
    0.35633E+00
    0.36306E+00
    0.35326E+00
    0.34587E+00
    0.34251E+00
    0.35097E+00
    0.35867E+00
    0.37418E+00
    0.35249E+00
    0.34912E+00
    0.32013E+00
    0.30487E+00
    0.29993E+00
    0.27899E+00
    0.25171E+00
    0.24980E+00
    0.25702E+00
    0.25494E+00
    0.26241E+00
    0.27136E+00
    0.27285E+00
    0.27679E+00
    0.28808E+00
    0.28969E+00
    0.29435E+00
    0.30294E+00
    0.31073E+00
    0.31174E+00
    0.30496E+00
    0.30889E+00
    0.30270E+00
    0.30179E+00
    0.30076E+00
    0.30963E+00
    0.32065E+00
    0.31361E+00
    0.32230E+00
    0.32539E+00
    0.31371E+00
    0.30747E+00
    0.31549E+00
    0.31770E+00
    0.31876E+00
    0.30474E+00
    0.32053E+00
    0.32548E+00
    0.32574E+00
    0.34136E+00
    0.34859E+00
    0.35460E+00
    0.35185E+00
    0.36023E+00
    0.34189E+00
    0.31301E+00
    0.30111E+00
    0.29160E+00
    0.28579E+00
    0.27717E+00
    0.27865E+00
    0.28168E+00
    0.27795E+00
    0.27691E+00
    0.26043E+00
    0.24851E+00
    0.23547E+00
    0.22221E+00
    0.21381E+00
    0.21149E+00
    0.20948E+00
    0.20731E+00
    0.21167E+00
    0.21023E+00
    0.22045E+00
    0.22595E+00
    0.23091E+00
    0.23690E+00
    0.23175E+00
    0.22314E+00
    0.21505E+00
    0.21637E+00
    0.21104E+00
    0.21100E+00
    0.21203E+00
    0.21235E+00
    0.21442E+00
    0.21154E+00
    0.22804E+00
    0.23824E+00
    0.24651E+00
    0.25986E+00
    0.27039E+00
    0.26285E+00
    0.26780E+00
    0.25751E+00
    0.25235E+00
    0.25748E+00
    0.25984E+00
    0.26136E+00
    0.26659E+00
    0.26085E+00
    0.25591E+00
    0.26292E+00
    0.25517E+00
    0.25225E+00
    0.24465E+00
    0.24392E+00
    0.23807E+00
    0.23373E+00
    0.23790E+00
    0.23015E+00
    0.22420E+00
    0.21527E+00
    0.21456E+00
    0.20686E+00
    0.21112E+00
    0.21154E+00
    0.21453E+00
    0.21820E+00
    0.22304E+00
    0.21610E+00
    0.21415E+00
    0.21705E+00
    0.21040E+00
    0.19098E+00
    0.19532E+00
    0.19787E+00
    0.18895E+00
    0.18308E+00
    0.18241E+00
    0.17715E+00
    0.19026E+00
    0.19896E+00
    0.20627E+00
    0.21202E+00
    0.21924E+00
    0.22846E+00
    0.22912E+00
    0.23507E+00
    0.24105E+00
    0.24643E+00
    0.24789E+00
    0.25672E+00
    0.25453E+00
    0.25664E+00
    0.26360E+00
    0.25392E+00
    0.26045E+00
    0.26050E+00
    0.26050E+00
    0.26927E+00
    0.27772E+00
    0.28148E+00
    0.28387E+00
    0.28412E+00
    0.28959E+00
    0.28973E+00
    0.28011E+00
    0.28152E+00
    0.27205E+00
    0.26981E+00
    0.25944E+00
    0.26275E+00
    0.25920E+00
    0.25950E+00
    0.25743E+00
    0.26130E+00
    0.26565E+00
    0.27388E+00
    0.26967E+00
    0.27749E+00
    0.27864E+00
    0.28502E+00
    0.28017E+00
    0.28312E+00
    0.28051E+00
    0.28046E+00
    0.27797E+00
    0.27017E+00
    0.26846E+00
    0.25179E+00
    0.23769E+00
    0.23407E+00
    0.21539E+00
    0.20914E+00
    0.20101E+00
    0.19940E+00
    0.19721E+00
    0.19949E+00
    0.18936E+00
    0.18521E+00
    0.17937E+00
    0.17516E+00
    0.16350E+00
    0.15979E+00
    0.15691E+00
    0.16499E+00
    0.16597E+00
    0.17237E+00
    0.17431E+00
    0.17501E+00
    0.17739E+00
    0.17424E+00
    0.18210E+00
    0.18198E+00
    0.18182E+00
    0.18462E+00
    0.18034E+00
    0.18514E+00
    0.18491E+00
    0.18793E+00
    0.18909E+00
    0.19744E+00
    0.19594E+00
    0.20319E+00
    0.19723E+00
    0.19744E+00
    0.19572E+00
    0.20000E+00
    0.19582E+00
    0.19566E+00
    0.20611E+00
    0.20526E+00
    0.21251E+00
    0.20831E+00
    0.20635E+00
    0.20668E+00
    0.20881E+00
    0.21655E+00
    0.22549E+00
    0.23197E+00
    0.22223E+00
    0.22685E+00
    0.23421E+00
    0.23904E+00
    0.24974E+00
    0.24598E+00
    0.24980E+00
    0.24993E+00
    0.25009E+00
    0.25644E+00
    0.26087E+00
    0.26588E+00
    0.26590E+00
    0.27089E+00
    0.28065E+00
    0.28915E+00
    0.29098E+00
    0.29002E+00
    0.28958E+00
    0.28492E+00
    0.29525E+00
    0.28657E+00
    0.29700E+00
    0.29705E+00
    0.30995E+00
    0.31789E+00
    0.31782E+00
    0.33111E+00
    0.33037E+00
    0.33884E+00
    0.35783E+00
    0.37017E+00
    0.37020E+00
    0.38035E+00
    0.38868E+00
    0.40035E+00
    0.39056E+00
    0.38748E+00
    0.39509E+00
    0.38923E+00
    0.38550E+00
    0.39325E+00
    0.39189E+00
    0.39266E+00
    0.40021E+00
    0.40386E+00
    0.40418E+00
    0.41208E+00
    0.40862E+00
    0.39981E+00
    0.40543E+00
    0.41344E+00
    0.42087E+00
    0.42968E+00
    0.42744E+00
    0.42755E+00
    0.44217E+00
    0.44421E+00
    0.44081E+00
    0.45565E+00
    0.45900E+00
    0.45211E+00
    0.44776E+00
    0.45786E+00
    0.44648E+00
    0.44387E+00
    0.44788E+00
    0.46098E+00
    0.45788E+00
    0.46904E+00
    0.46991E+00
    0.47124E+00
    0.47868E+00
    0.46865E+00
    0.47243E+00
    0.46954E+00
    0.48420E+00
    0.49429E+00
    0.49142E+00
    0.49623E+00
    0.48992E+00
    0.49822E+00
    0.48858E+00
    0.48464E+00
    0.48088E+00
    0.48195E+00
    0.48181E+00
    0.48331E+00
    0.49044E+00
    0.49622E+00
    0.50376E+00
    0.50102E+00
    0.51227E+00
    0.51674E+00
    0.51887E+00
    0.53117E+00
    0.53847E+00
    0.53494E+00
    0.55346E+00
    0.54790E+00
    0.55829E+00
    0.56420E+00
    0.56125E+00
    0.58178E+00
    0.57380E+00
    0.58477E+00
    0.57808E+00
    0.58009E+00
    0.59398E+00
    0.58094E+00
    0.58093E+00
    0.56219E+00
    0.55369E+00
    0.54554E+00
    0.53324E+00
    0.53450E+00
    0.52350E+00
    0.50653E+00
    0.51457E+00
    0.51422E+00
    0.51587E+00
    0.51564E+00
    0.51365E+00
    0.50642E+00
    0.51617E+00
    0.50523E+00
    0.50822E+00
    0.51055E+00
    0.51273E+00
    0.52757E+00
    0.52523E+00
    0.51233E+00
    0.52777E+00
    0.51885E+00
    0.51120E+00
    0.51119E+00
    0.51400E+00
    0.51244E+00
    0.51834E+00
    0.52096E+00
    0.52118E+00
    0.52987E+00
    0.54301E+00
    0.54467E+00
    0.55847E+00
    0.54137E+00
    0.52938E+00
    0.53291E+00
    0.51659E+00
    0.50413E+00
    0.49119E+00
    0.48463E+00
    0.48398E+00
    0.46607E+00
    0.46399E+00
    0.45521E+00
    0.45838E+00
    0.45884E+00
    0.45758E+00
    0.45763E+00
    0.44356E+00
    0.44222E+00
    0.43643E+00
    0.42214E+00
    0.41322E+00
    0.40816E+00
    0.39243E+00
    0.39298E+00
    0.40567E+00
    0.39791E+00
    0.40701E+00
    0.40954E+00
    0.43647E+00
    0.43169E+00
    0.45567E+00
    0.45335E+00
    0.46738E+00
    0.47877E+00
    0.49291E+00
    0.50442E+00
    0.50447E+00
    0.49387E+00
    0.50666E+00
    0.50420E+00
    0.50335E+00
    0.50989E+00
    0.52325E+00
    0.50769E+00
    0.50903E+00
    0.49029E+00
    0.46827E+00
    0.44660E+00
    0.42527E+00
    0.40694E+00
    0.40411E+00
    0.39460E+00
    0.39081E+00
    0.41042E+00
    0.42751E+00
    0.43653E+00
    0.44593E+00
    0.45755E+00
    0.45489E+00
    0.46099E+00
    0.47207E+00
    0.46296E+00
    0.48330E+00
    0.50182E+00
    0.52005E+00
    0.53635E+00
    0.54476E+00
    0.53795E+00
    0.52074E+00
    0.50710E+00
    0.49824E+00
    0.49847E+00
    0.51992E+00
    0.53370E+00
    0.54061E+00
    0.56156E+00
    0.56452E+00
    0.56551E+00
    0.54731E+00
    0.53897E+00
    0.54044E+00
    0.53193E+00
    0.51092E+00
    0.48846E+00
    0.46548E+00
    0.45918E+00
    0.43320E+00
    0.39585E+00
    0.38912E+00
    0.39845E+00
    0.40862E+00
    0.43380E+00
    0.47078E+00
    0.50454E+00
