    0.55891E+00
    0.55939E+00
    0.55813E+00
    0.55794E+00
    0.55868E+00
    0.56027E+00
    0.55911E+00
    0.56034E+00
    0.55892E+00
    0.56227E+00
    0.56098E+00
    0.56349E+00
    0.56565E+00
    0.56660E+00
    0.57025E+00
    0.57311E+00
    0.57150E+00
    0.57198E+00
    0.57122E+00
    0.57326E+00
    0.57382E+00
    0.57592E+00
    0.57804E+00
    0.58071E+00
    0.58479E+00
    0.58941E+00
    0.58677E+00
    0.58615E+00
    0.58445E+00
    0.58620E+00
    0.58304E+00
    0.58009E+00
    0.57983E+00
    0.58069E+00
    0.57456E+00
    0.56849E+00
    0.56512E+00
    0.55691E+00
    0.55142E+00
    0.54794E+00
    0.54245E+00
    0.53908E+00
    0.53364E+00
    0.52885E+00
    0.52335E+00
    0.51856E+00
    0.51303E+00
    0.50938E+00
    0.50370E+00
    0.50036E+00
    0.49555E+00
    0.49221E+00
    0.48740E+00
    0.48656E+00
    0.48246E+00
    0.47892E+00
    0.47375E+00
    0.47232E+00
    0.46853E+00
    0.46636E+00
    0.46393E+00
    0.46093E+00
    0.45887E+00
    0.45570E+00
    0.45561E+00
    0.45237E+00
    0.45088E+00
    0.44801E+00
    0.44715E+00
    0.44422E+00
    0.44398E+00
    0.44261E+00
    0.44137E+00
    0.43845E+00
    0.43982E+00
    0.43854E+00
    0.43824E+00
    0.43730E+00
    0.43816E+00
    0.43879E+00
    0.43957E+00
    0.43930E+00
    0.44014E+00
    0.43988E+00
    0.44037E+00
    0.43882E+00
    0.43843E+00
    0.43821E+00
    0.43816E+00
    0.43776E+00
    0.43488E+00
    0.43616E+00
    0.43372E+00
    0.43295E+00
    0.43257E+00
    0.43169E+00
    0.42903E+00
    0.42739E+00
    0.42857E+00
    0.42829E+00
    0.42593E+00
    0.42588E+00
    0.42649E+00
    0.42633E+00
    0.42744E+00
    0.42765E+00
    0.42863E+00
    0.42774E+00
    0.43054E+00
    0.43076E+00
    0.43179E+00
    0.43359E+00
    0.43416E+00
    0.43667E+00
    0.43776E+00
    0.43994E+00
    0.44341E+00
    0.44589E+00
    0.44828E+00
    0.45020E+00
    0.45220E+00
    0.45545E+00
    0.45743E+00
    0.45992E+00
    0.46355E+00
    0.46559E+00
    0.46731E+00
    0.47022E+00
    0.47030E+00
    0.47147E+00
    0.47510E+00
    0.47585E+00
    0.47776E+00
    0.47729E+00
    0.47863E+00
    0.47834E+00
    0.47914E+00
    0.47872E+00
    0.48020E+00
    0.47899E+00
    0.47943E+00
    0.47901E+00
    0.47760E+00
    0.47630E+00
    0.47520E+00
    0.47631E+00
    0.47322E+00
    0.47159E+00
    0.47008E+00
    0.46828E+00
    0.46736E+00
    0.46447E+00
    0.46409E+00
    0.46261E+00
    0.45920E+00
    0.45830E+00
    0.45576E+00
    0.45457E+00
    0.45182E+00
    0.45110E+00
    0.44830E+00
    0.44477E+00
    0.44198E+00
    0.44021E+00
    0.43657E+00
    0.43314E+00
    0.43200E+00
    0.42901E+00
    0.42645E+00
    0.42170E+00
    0.41905E+00
    0.41352E+00
    0.40895E+00
    0.40629E+00
    0.40069E+00
    0.39608E+00
    0.38966E+00
    0.38326E+00
    0.37728E+00
    0.37277E+00
    0.36475E+00
    0.35823E+00
    0.35216E+00
    0.34432E+00
    0.33771E+00
    0.33135E+00
    0.32644E+00
    0.32232E+00
    0.31994E+00
    0.31766E+00
    0.31832E+00
    0.31802E+00
    0.31881E+00
    0.32252E+00
    0.32422E+00
    0.32776E+00
    0.32911E+00
    0.33408E+00
    0.33723E+00
    0.33896E+00
    0.34384E+00
    0.34365E+00
    0.34801E+00
    0.35051E+00
    0.35315E+00
    0.35471E+00
    0.35632E+00
    0.35681E+00
    0.35801E+00
    0.35799E+00
    0.35672E+00
    0.35653E+00
    0.35475E+00
    0.35262E+00
    0.35209E+00
    0.35061E+00
    0.34958E+00
    0.34738E+00
    0.34649E+00
    0.34362E+00
    0.34096E+00
    0.33844E+00
    0.33478E+00
    0.33227E+00
    0.32655E+00
    0.32173E+00
    0.31588E+00
    0.31096E+00
    0.30459E+00
    0.29891E+00
    0.29429E+00
    0.28913E+00
    0.28241E+00
    0.27566E+00
    0.27146E+00
    0.26779E+00
    0.26230E+00
    0.25635E+00
    0.25458E+00
    0.25169E+00
    0.24874E+00
    0.24702E+00
    0.24705E+00
    0.24720E+00
    0.24749E+00
    0.24901E+00
    0.25019E+00
    0.25113E+00
    0.25271E+00
    0.25403E+00
    0.25601E+00
    0.25733E+00
    0.25924E+00
    0.26162E+00
    0.26294E+00
    0.26653E+00
    0.26900E+00
    0.27124E+00
    0.27388E+00
    0.27536E+00
    0.27869E+00
    0.28236E+00
    0.28237E+00
    0.28346E+00
    0.28523E+00
    0.28505E+00
    0.28492E+00
    0.28588E+00
    0.28443E+00
    0.28420E+00
    0.28233E+00
    0.28094E+00
    0.27863E+00
    0.27709E+00
    0.27630E+00
    0.27464E+00
    0.27159E+00
    0.27073E+00
    0.26843E+00
    0.26552E+00
    0.26347E+00
    0.26259E+00
    0.26086E+00
    0.25849E+00
    0.25610E+00
    0.25426E+00
    0.25380E+00
    0.25231E+00
    0.25053E+00
    0.24936E+00
    0.24705E+00
    0.24630E+00
    0.24605E+00
    0.24626E+00
    0.24708E+00
    0.24603E+00
    0.24617E+00
    0.24712E+00
    0.24859E+00
    0.25040E+00
    0.25233E+00
    0.25267E+00
    0.25714E+00
    0.25927E+00
    0.26306E+00
    0.26705E+00
    0.27054E+00
    0.27303E+00
    0.27677E+00
    0.28057E+00
    0.28430E+00
    0.28895E+00
    0.29167E+00
    0.29327E+00
    0.29661E+00
    0.29944E+00
    0.30196E+00
    0.30455E+00
    0.30398E+00
    0.30613E+00
    0.30836E+00
    0.30929E+00
    0.30867E+00
    0.31057E+00
    0.31032E+00
    0.30970E+00
    0.30991E+00
    0.30918E+00
    0.30830E+00
    0.30692E+00
    0.30442E+00
    0.30522E+00
    0.30244E+00
    0.30289E+00
    0.30017E+00
    0.29845E+00
    0.29624E+00
    0.29662E+00
    0.29580E+00
    0.29480E+00
    0.29366E+00
    0.29101E+00
    0.29099E+00
    0.28967E+00
    0.28711E+00
    0.28615E+00
    0.28245E+00
    0.28079E+00
    0.27760E+00
    0.27286E+00
    0.27064E+00
    0.26524E+00
    0.25828E+00
    0.25530E+00
    0.24627E+00
    0.24549E+00
    0.24194E+00
    0.23803E+00
    0.23581E+00
    0.23179E+00
    0.22402E+00
    0.21807E+00
    0.21158E+00
    0.20690E+00
    0.19708E+00
    0.19464E+00
    0.19621E+00
    0.20332E+00
    0.20693E+00
    0.21111E+00
    0.21624E+00
    0.21944E+00
    0.22300E+00
    0.22558E+00
    0.22876E+00
    0.23127E+00
    0.23378E+00
    0.23616E+00
    0.23913E+00
    0.24191E+00
    0.24443E+00
    0.24678E+00
    0.24855E+00
    0.25241E+00
    0.25654E+00
    0.25871E+00
    0.25978E+00
    0.26309E+00
    0.26674E+00
    0.26782E+00
    0.27072E+00
    0.27426E+00
    0.27510E+00
    0.27861E+00
    0.28163E+00
    0.28381E+00
    0.28738E+00
    0.29201E+00
    0.29529E+00
    0.29915E+00
    0.30352E+00
    0.30647E+00
    0.31275E+00
    0.31649E+00
    0.32230E+00
    0.32537E+00
    0.33101E+00
    0.33603E+00
    0.34152E+00
    0.34613E+00
    0.34914E+00
    0.35347E+00
    0.35906E+00
    0.36326E+00
    0.36803E+00
    0.37174E+00
    0.37659E+00
    0.37992E+00
    0.38544E+00
    0.38996E+00
    0.39429E+00
    0.39753E+00
    0.40401E+00
    0.40869E+00
    0.41347E+00
    0.41926E+00
    0.42409E+00
    0.43152E+00
    0.43535E+00
    0.44258E+00
    0.44685E+00
    0.45399E+00
    0.46198E+00
    0.46621E+00
    0.47296E+00
    0.47939E+00
    0.48520E+00
    0.49291E+00
    0.49523E+00
    0.49995E+00
    0.50690E+00
    0.51270E+00
    0.51824E+00
    0.52421E+00
    0.52929E+00
    0.53616E+00
    0.54445E+00
    0.54961E+00
    0.55565E+00
    0.55990E+00
    0.56083E+00
    0.56049E+00
    0.56470E+00
    0.56874E+00
    0.57143E+00
    0.57380E+00
    0.57697E+00
    0.58306E+00
    0.58766E+00
    0.59321E+00
    0.60118E+00
    0.60781E+00
    0.61657E+00
    0.62392E+00
    0.63222E+00
    0.63998E+00
    0.64582E+00
    0.64909E+00
    0.65380E+00
    0.65686E+00
    0.66192E+00
    0.66170E+00
    0.65963E+00
    0.65991E+00
    0.65559E+00
    0.65460E+00
    0.64955E+00
    0.64620E+00
    0.64932E+00
    0.65345E+00
    0.64403E+00
    0.63661E+00
    0.63186E+00
    0.62623E+00
    0.62875E+00
    0.63008E+00
    0.63095E+00
    0.63146E+00
    0.63781E+00
    0.64696E+00
    0.64988E+00
    0.65553E+00
    0.66128E+00
    0.66377E+00
    0.66416E+00
    0.66230E+00
    0.66258E+00
    0.66500E+00
    0.66339E+00
    0.65763E+00
    0.65481E+00
    0.65579E+00
    0.65708E+00
    0.65682E+00
    0.65261E+00
    0.64723E+00
    0.63933E+00
    0.63519E+00
    0.62938E+00
    0.62661E+00
    0.62504E+00
    0.62064E+00
    0.61802E+00
    0.61723E+00
    0.61560E+00
    0.61727E+00
    0.61566E+00
    0.61707E+00
    0.61639E+00
    0.61771E+00
    0.61447E+00
    0.61301E+00
    0.60679E+00
    0.60373E+00
    0.59816E+00
    0.59379E+00
    0.58905E+00
    0.58426E+00
    0.57958E+00
    0.57743E+00
    0.57603E+00
    0.57340E+00
    0.57160E+00
    0.57037E+00
    0.56742E+00
    0.56777E+00
    0.56676E+00
    0.56760E+00
    0.56466E+00
    0.56275E+00
    0.55863E+00
    0.55627E+00
    0.55558E+00
    0.55191E+00
    0.55060E+00
    0.54830E+00
    0.54782E+00
    0.54557E+00
    0.54253E+00
    0.54246E+00
    0.53765E+00
    0.54002E+00
    0.53718E+00
    0.53636E+00
    0.53413E+00
    0.53499E+00
    0.53324E+00
    0.53126E+00
    0.52975E+00
    0.52938E+00
    0.52829E+00
    0.52580E+00
    0.52539E+00
    0.52537E+00
    0.52360E+00
    0.52410E+00
    0.52368E+00
    0.52460E+00
    0.52504E+00
    0.52444E+00
    0.52749E+00
    0.52829E+00
    0.53034E+00
    0.53085E+00
    0.53559E+00
    0.53847E+00
    0.54147E+00
    0.54224E+00
    0.54709E+00
    0.55010E+00
    0.55113E+00
    0.54990E+00
    0.55328E+00
    0.55210E+00
    0.55347E+00
    0.55439E+00
    0.55546E+00
    0.55875E+00
    0.56087E+00
    0.56309E+00
    0.56502E+00
    0.56576E+00
    0.56548E+00
    0.56872E+00
    0.57123E+00
    0.57244E+00
    0.57432E+00
    0.57679E+00
    0.58232E+00
    0.58357E+00
    0.58682E+00
    0.58799E+00
    0.58629E+00
    0.58967E+00
    0.58907E+00
    0.58964E+00
    0.59065E+00
    0.58854E+00
    0.58890E+00
    0.58795E+00
    0.58853E+00
    0.58693E+00
    0.58154E+00
    0.57819E+00
    0.57767E+00
    0.57446E+00
    0.57357E+00
    0.57027E+00
    0.56922E+00
    0.56653E+00
    0.56545E+00
    0.56327E+00
    0.56128E+00
    0.56107E+00
    0.55737E+00
    0.55679E+00
    0.55505E+00
    0.55467E+00
    0.55389E+00
    0.55157E+00
    0.55399E+00
    0.55311E+00
    0.55625E+00
    0.55449E+00
    0.55504E+00
    0.55692E+00
    0.55696E+00
    0.55707E+00
    0.55729E+00
    0.55793E+00
