    0.30971E+00
    0.31137E+00
    0.30923E+00
    0.30965E+00
    0.31026E+00
    0.30955E+00
    0.30815E+00
    0.30873E+00
    0.30850E+00
    0.30795E+00
    0.30926E+00
    0.30852E+00
    0.30830E+00
    0.30911E+00
    0.30732E+00
    0.30700E+00
    0.30842E+00
    0.30736E+00
    0.30667E+00
    0.30639E+00
    0.30690E+00
    0.30828E+00
    0.30622E+00
    0.30585E+00
    0.30760E+00
    0.30796E+00
    0.30843E+00
    0.30702E+00
    0.30851E+00
    0.30866E+00
    0.30731E+00
    0.30779E+00
    0.30869E+00
    0.30820E+00
    0.30923E+00
    0.30755E+00
    0.30649E+00
    0.30560E+00
    0.30445E+00
    0.30220E+00
    0.29959E+00
    0.29882E+00
    0.29589E+00
    0.29444E+00
    0.29162E+00
    0.28710E+00
    0.28507E+00
    0.28199E+00
    0.27782E+00
    0.27466E+00
    0.27261E+00
    0.26782E+00
    0.26507E+00
    0.26289E+00
    0.25885E+00
    0.25582E+00
    0.25226E+00
    0.24861E+00
    0.24634E+00
    0.24400E+00
    0.24024E+00
    0.23830E+00
    0.23544E+00
    0.23271E+00
    0.22974E+00
    0.22806E+00
    0.22606E+00
    0.22377E+00
    0.22300E+00
    0.22091E+00
    0.21914E+00
    0.21726E+00
    0.21505E+00
    0.21461E+00
    0.21300E+00
    0.21285E+00
    0.21096E+00
    0.21026E+00
    0.21032E+00
    0.20925E+00
    0.20784E+00
    0.20867E+00
    0.20686E+00
    0.20487E+00
    0.20409E+00
    0.20361E+00
    0.20275E+00
    0.20119E+00
    0.19959E+00
    0.19889E+00
    0.19914E+00
    0.19514E+00
    0.19512E+00
    0.19338E+00
    0.19211E+00
    0.19167E+00
    0.18927E+00
    0.18832E+00
    0.18691E+00
    0.18592E+00
    0.18442E+00
    0.18461E+00
    0.18497E+00
    0.18321E+00
    0.18351E+00
    0.18390E+00
    0.18323E+00
    0.18417E+00
    0.18451E+00
    0.18487E+00
    0.18399E+00
    0.18707E+00
    0.18691E+00
    0.18821E+00
    0.18906E+00
    0.19087E+00
    0.19265E+00
    0.19398E+00
    0.19556E+00
    0.19795E+00
    0.20037E+00
    0.20180E+00
    0.20340E+00
    0.20573E+00
    0.20827E+00
    0.21052E+00
    0.21139E+00
    0.21288E+00
    0.21615E+00
    0.21843E+00
    0.21907E+00
    0.22174E+00
    0.22302E+00
    0.22563E+00
    0.22522E+00
    0.22791E+00
    0.22862E+00
    0.22987E+00
    0.23056E+00
    0.23189E+00
    0.23231E+00
    0.23298E+00
    0.23245E+00
    0.23381E+00
    0.23353E+00
    0.23394E+00
    0.23265E+00
    0.23082E+00
    0.23308E+00
    0.23064E+00
    0.23071E+00
    0.22684E+00
    0.22631E+00
    0.22334E+00
    0.22300E+00
    0.21882E+00
    0.21772E+00
    0.21578E+00
    0.21138E+00
    0.20957E+00
    0.20710E+00
    0.20412E+00
    0.20047E+00
    0.19767E+00
    0.19494E+00
    0.19133E+00
    0.18909E+00
    0.18628E+00
    0.18337E+00
    0.18043E+00
    0.17577E+00
    0.17429E+00
    0.17169E+00
    0.16712E+00
    0.16506E+00
    0.16264E+00
    0.15912E+00
    0.15652E+00
    0.15355E+00
    0.14995E+00
    0.14555E+00
    0.14146E+00
    0.13755E+00
    0.13321E+00
    0.12978E+00
    0.12626E+00
    0.12222E+00
    0.11942E+00
    0.11734E+00
    0.11511E+00
    0.11482E+00
    0.11434E+00
    0.11350E+00
    0.11419E+00
    0.11427E+00
    0.11541E+00
    0.11676E+00
    0.11737E+00
    0.11904E+00
    0.12003E+00
    0.12069E+00
    0.12150E+00
    0.12317E+00
    0.12420E+00
    0.12528E+00
    0.12535E+00
    0.12663E+00
    0.12609E+00
    0.12701E+00
    0.12693E+00
    0.12651E+00
    0.12623E+00
    0.12721E+00
    0.12591E+00
    0.12494E+00
    0.12517E+00
    0.12361E+00
    0.12314E+00
    0.12329E+00
    0.12234E+00
    0.12221E+00
    0.11977E+00
    0.11857E+00
    0.11663E+00
    0.11338E+00
    0.11124E+00
    0.10870E+00
    0.10533E+00
    0.10154E+00
    0.98639E-01
    0.94773E-01
    0.91892E-01
    0.88633E-01
    0.85370E-01
    0.81947E-01
    0.78987E-01
    0.75948E-01
    0.72735E-01
    0.69882E-01
    0.67267E-01
    0.65396E-01
    0.63575E-01
    0.62585E-01
    0.61333E-01
    0.60566E-01
    0.59789E-01
    0.59861E-01
    0.59346E-01
    0.59376E-01
    0.59300E-01
    0.59138E-01
    0.59707E-01
    0.60119E-01
    0.60811E-01
    0.60945E-01
    0.61847E-01
    0.63286E-01
    0.63821E-01
    0.64516E-01
    0.65639E-01
    0.66932E-01
    0.67500E-01
    0.67643E-01
    0.68385E-01
    0.69322E-01
    0.69053E-01
    0.68842E-01
    0.68328E-01
    0.69217E-01
    0.68338E-01
    0.68276E-01
    0.67408E-01
    0.66491E-01
    0.65744E-01
    0.64899E-01
    0.64610E-01
    0.63458E-01
    0.62182E-01
    0.61398E-01
    0.60340E-01
    0.59015E-01
    0.58273E-01
    0.57234E-01
    0.56430E-01
    0.54999E-01
    0.54482E-01
    0.53615E-01
    0.52877E-01
    0.52324E-01
    0.51353E-01
    0.51158E-01
    0.49945E-01
    0.50095E-01
    0.50254E-01
    0.50002E-01
    0.50810E-01
    0.50006E-01
    0.50435E-01
    0.51211E-01
    0.51519E-01
    0.52845E-01
    0.53309E-01
    0.55190E-01
    0.57015E-01
    0.58122E-01
    0.59925E-01
    0.61570E-01
    0.63020E-01
    0.65335E-01
    0.67351E-01
    0.68988E-01
    0.70691E-01
    0.72563E-01
    0.74535E-01
    0.75771E-01
    0.77249E-01
    0.78979E-01
    0.79950E-01
    0.81568E-01
    0.82582E-01
    0.83252E-01
    0.84352E-01
    0.84579E-01
    0.86298E-01
    0.85957E-01
    0.86507E-01
    0.86351E-01
    0.86818E-01
    0.86209E-01
    0.86391E-01
    0.85370E-01
    0.85603E-01
    0.84913E-01
    0.84186E-01
    0.83744E-01
    0.82900E-01
    0.82408E-01
    0.81261E-01
    0.81217E-01
    0.80998E-01
    0.80193E-01
    0.80217E-01
    0.78940E-01
    0.78099E-01
    0.76856E-01
    0.75467E-01
    0.74095E-01
    0.72446E-01
    0.70846E-01
    0.68996E-01
    0.66779E-01
    0.64155E-01
    0.61035E-01
    0.58600E-01
    0.55372E-01
    0.52542E-01
    0.51673E-01
    0.49078E-01
    0.46957E-01
    0.45730E-01
    0.43419E-01
    0.40463E-01
    0.38002E-01
    0.35808E-01
    0.33405E-01
    0.31876E-01
    0.31448E-01
    0.33012E-01
    0.33453E-01
    0.34571E-01
    0.35155E-01
    0.36060E-01
    0.36986E-01
    0.37762E-01
    0.38970E-01
    0.39580E-01
    0.40486E-01
    0.41617E-01
    0.42445E-01
    0.43548E-01
    0.45172E-01
    0.46043E-01
    0.48225E-01
    0.49691E-01
    0.51186E-01
    0.52440E-01
    0.54268E-01
    0.55469E-01
    0.57050E-01
    0.58210E-01
    0.59725E-01
    0.61360E-01
    0.63533E-01
    0.65528E-01
    0.66981E-01
    0.69063E-01
    0.70880E-01
    0.73072E-01
    0.75307E-01
    0.77604E-01
    0.79873E-01
    0.82242E-01
    0.84481E-01
    0.87851E-01
    0.91110E-01
    0.93122E-01
    0.96297E-01
    0.99255E-01
    0.10256E+00
    0.10474E+00
    0.10896E+00
    0.11148E+00
    0.11424E+00
    0.11717E+00
    0.12092E+00
    0.12374E+00
    0.12669E+00
    0.13039E+00
    0.13275E+00
    0.13632E+00
    0.13930E+00
    0.14344E+00
    0.14764E+00
    0.15051E+00
    0.15398E+00
    0.15764E+00
    0.16119E+00
    0.16548E+00
    0.17002E+00
    0.17404E+00
    0.17718E+00
    0.18194E+00
    0.18637E+00
    0.18927E+00
    0.19277E+00
    0.19771E+00
    0.19974E+00
    0.20460E+00
    0.20724E+00
    0.21078E+00
    0.21485E+00
    0.21775E+00
    0.22040E+00
    0.22185E+00
    0.22522E+00
    0.22796E+00
    0.23246E+00
    0.23418E+00
    0.23755E+00
    0.23887E+00
    0.24155E+00
    0.24363E+00
    0.24838E+00
    0.24995E+00
    0.25270E+00
    0.25680E+00
    0.25936E+00
    0.26161E+00
    0.26525E+00
    0.26919E+00
    0.27318E+00
    0.27624E+00
    0.27970E+00
    0.28519E+00
    0.28789E+00
    0.29248E+00
    0.29469E+00
    0.29833E+00
    0.30278E+00
    0.30665E+00
    0.30947E+00
    0.31280E+00
    0.31555E+00
    0.31655E+00
    0.32073E+00
    0.32368E+00
    0.32494E+00
    0.32592E+00
    0.32789E+00
    0.32927E+00
    0.33079E+00
    0.33257E+00
    0.33307E+00
    0.33473E+00
    0.33627E+00
    0.33698E+00
    0.33925E+00
    0.34137E+00
    0.34445E+00
    0.34508E+00
    0.34765E+00
    0.35023E+00
    0.35329E+00
    0.35755E+00
    0.35994E+00
    0.36308E+00
    0.36707E+00
    0.37039E+00
    0.37313E+00
    0.37494E+00
    0.37783E+00
    0.38134E+00
    0.38469E+00
    0.38669E+00
    0.38810E+00
    0.38965E+00
    0.39047E+00
    0.39417E+00
    0.39367E+00
    0.39605E+00
    0.39360E+00
    0.39444E+00
    0.39288E+00
    0.39450E+00
    0.39359E+00
    0.39264E+00
    0.39034E+00
    0.39056E+00
    0.38893E+00
    0.38564E+00
    0.38353E+00
    0.38266E+00
    0.38097E+00
    0.37789E+00
    0.37560E+00
    0.37490E+00
    0.37262E+00
    0.37060E+00
    0.36748E+00
    0.36552E+00
    0.36165E+00
    0.36095E+00
    0.35858E+00
    0.35607E+00
    0.35460E+00
    0.35170E+00
    0.34929E+00
    0.34703E+00
    0.34672E+00
    0.34427E+00
    0.34155E+00
    0.34030E+00
    0.33726E+00
    0.33608E+00
    0.33422E+00
    0.33181E+00
    0.33088E+00
    0.32793E+00
    0.32671E+00
    0.32366E+00
    0.32113E+00
    0.31724E+00
    0.31528E+00
    0.31408E+00
    0.31051E+00
    0.30911E+00
    0.30578E+00
    0.30459E+00
    0.30202E+00
    0.29753E+00
    0.29606E+00
    0.29283E+00
    0.29274E+00
    0.28942E+00
    0.28751E+00
    0.28507E+00
    0.28554E+00
    0.28316E+00
    0.28243E+00
    0.28240E+00
    0.28005E+00
    0.28137E+00
    0.28046E+00
    0.28006E+00
    0.28040E+00
    0.28195E+00
    0.28268E+00
    0.28299E+00
    0.28318E+00
    0.28457E+00
    0.28543E+00
    0.28825E+00
    0.28919E+00
    0.28963E+00
    0.29107E+00
    0.29219E+00
    0.29308E+00
    0.29377E+00
    0.29647E+00
    0.29631E+00
    0.29734E+00
    0.29835E+00
    0.29960E+00
    0.29996E+00
    0.30026E+00
    0.30108E+00
    0.30212E+00
    0.30278E+00
    0.30359E+00
    0.30376E+00
    0.30590E+00
    0.30469E+00
    0.30577E+00
    0.30766E+00
    0.30754E+00
    0.30862E+00
    0.30910E+00
    0.31110E+00
    0.31073E+00
    0.31148E+00
    0.31401E+00
    0.31439E+00
    0.31490E+00
    0.31558E+00
    0.31539E+00
    0.31573E+00
    0.31870E+00
    0.31825E+00
    0.31793E+00
    0.31888E+00
    0.31682E+00
    0.31766E+00
    0.31716E+00
    0.31849E+00
    0.31626E+00
    0.31715E+00
    0.31658E+00
    0.31533E+00
    0.31526E+00
    0.31506E+00
    0.31575E+00
    0.31257E+00
    0.31456E+00
    0.31256E+00
    0.31227E+00
    0.31249E+00
    0.31199E+00
    0.30991E+00
    0.31155E+00
    0.31132E+00
