    0.41985E+00
    0.42389E+00
    0.42931E+00
    0.43882E+00
    0.43617E+00
    0.43949E+00
    0.43868E+00
    0.43338E+00
    0.44333E+00
    0.43925E+00
    0.45341E+00
    0.45311E+00
    0.43444E+00
    0.41723E+00
    0.41315E+00
    0.40125E+00
    0.40965E+00
    0.41766E+00
    0.42754E+00
    0.42710E+00
    0.40440E+00
    0.39037E+00
    0.38773E+00
    0.38630E+00
    0.36661E+00
    0.34471E+00
    0.35121E+00
    0.35423E+00
    0.35247E+00
    0.34898E+00
    0.35208E+00
    0.35972E+00
    0.35287E+00
    0.34751E+00
    0.35951E+00
    0.39643E+00
    0.41195E+00
    0.42729E+00
    0.43760E+00
    0.44801E+00
    0.45564E+00
    0.45914E+00
    0.46179E+00
    0.46948E+00
    0.47195E+00
    0.48291E+00
    0.48139E+00
    0.48191E+00
    0.48483E+00
    0.48703E+00
    0.49494E+00
    0.49749E+00
    0.49752E+00
    0.49168E+00
    0.49581E+00
    0.51094E+00
    0.52105E+00
    0.52660E+00
    0.54888E+00
    0.55754E+00
    0.53900E+00
    0.54773E+00
    0.52405E+00
    0.51367E+00
    0.49613E+00
    0.50328E+00
    0.50272E+00
    0.51956E+00
    0.53348E+00
    0.54666E+00
    0.56727E+00
    0.59308E+00
    0.59702E+00
    0.60595E+00
    0.61600E+00
    0.61156E+00
    0.61017E+00
    0.61901E+00
    0.60855E+00
    0.59449E+00
    0.59872E+00
    0.56949E+00
    0.55929E+00
    0.54501E+00
    0.54562E+00
    0.54869E+00
    0.54251E+00
    0.55343E+00
    0.55146E+00
    0.54576E+00
    0.55275E+00
    0.55239E+00
    0.55400E+00
    0.55614E+00
    0.56983E+00
    0.57258E+00
    0.59796E+00
    0.60113E+00
    0.60652E+00
    0.60229E+00
    0.61045E+00
    0.61518E+00
    0.60489E+00
    0.60026E+00
    0.59785E+00
    0.59102E+00
    0.59425E+00
    0.59531E+00
    0.60605E+00
    0.59843E+00
    0.60198E+00
    0.58889E+00
    0.58724E+00
    0.59085E+00
    0.59319E+00
    0.59875E+00
    0.59357E+00
    0.58817E+00
    0.59021E+00
    0.58714E+00
    0.58621E+00
    0.56164E+00
    0.54249E+00
    0.52348E+00
    0.51559E+00
    0.52466E+00
    0.52839E+00
    0.52168E+00
    0.52042E+00
    0.51545E+00
    0.50513E+00
    0.49115E+00
    0.48278E+00
    0.50291E+00
    0.48954E+00
    0.48934E+00
    0.49872E+00
    0.49953E+00
    0.48170E+00
    0.48097E+00
    0.49043E+00
    0.49158E+00
    0.49794E+00
    0.51281E+00
    0.52301E+00
    0.53136E+00
    0.54070E+00
    0.54869E+00
    0.55510E+00
    0.57086E+00
    0.57844E+00
    0.58805E+00
    0.57419E+00
    0.58497E+00
    0.57842E+00
    0.57459E+00
    0.57216E+00
    0.56068E+00
    0.56910E+00
    0.56658E+00
    0.56666E+00
    0.57295E+00
    0.57465E+00
    0.57465E+00
    0.57074E+00
    0.57349E+00
    0.56367E+00
    0.55114E+00
    0.54690E+00
    0.53169E+00
    0.51841E+00
    0.51318E+00
    0.50811E+00
    0.52290E+00
    0.52462E+00
    0.55032E+00
    0.56341E+00
    0.58466E+00
    0.62104E+00
    0.63395E+00
    0.65627E+00
    0.66526E+00
    0.67473E+00
    0.68693E+00
    0.69325E+00
    0.69855E+00
    0.70966E+00
    0.73105E+00
    0.72380E+00
    0.72450E+00
    0.72967E+00
    0.73178E+00
    0.75047E+00
    0.74090E+00
    0.73891E+00
    0.72915E+00
    0.73017E+00
    0.73129E+00
    0.72567E+00
    0.72616E+00
    0.72698E+00
    0.71587E+00
    0.71461E+00
    0.70822E+00
    0.70997E+00
    0.70972E+00
    0.69934E+00
    0.70509E+00
    0.69749E+00
    0.68927E+00
    0.68075E+00
    0.66495E+00
    0.66721E+00
    0.65028E+00
    0.64451E+00
    0.64270E+00
    0.64051E+00
    0.61228E+00
    0.60153E+00
    0.59505E+00
    0.60193E+00
    0.61228E+00
    0.61317E+00
    0.61989E+00
    0.64970E+00
    0.66701E+00
    0.69038E+00
    0.71641E+00
    0.72264E+00
    0.73364E+00
    0.75754E+00
    0.75663E+00
    0.77401E+00
    0.76067E+00
    0.77094E+00
    0.77888E+00
    0.78426E+00
    0.78435E+00
    0.80516E+00
    0.80864E+00
    0.81555E+00
    0.81875E+00
    0.79659E+00
    0.81623E+00
    0.82407E+00
    0.80369E+00
    0.81870E+00
    0.79939E+00
    0.79609E+00
    0.81359E+00
    0.80821E+00
    0.80215E+00
    0.79585E+00
    0.79475E+00
    0.78973E+00
    0.80716E+00
    0.82932E+00
    0.81951E+00
    0.80057E+00
    0.79658E+00
    0.78008E+00
    0.75759E+00
    0.75353E+00
    0.73400E+00
    0.74213E+00
    0.74102E+00
    0.76037E+00
    0.76385E+00
    0.76067E+00
    0.77202E+00
    0.76041E+00
    0.75451E+00
    0.77016E+00
    0.76669E+00
    0.76676E+00
    0.76583E+00
    0.77011E+00
    0.78884E+00
    0.78479E+00
    0.80015E+00
    0.81466E+00
    0.82710E+00
    0.83245E+00
    0.83837E+00
    0.82796E+00
    0.84283E+00
    0.84477E+00
    0.83691E+00
    0.84501E+00
    0.85610E+00
    0.86846E+00
    0.83065E+00
    0.84108E+00
    0.80547E+00
    0.81147E+00
    0.81566E+00
    0.81798E+00
    0.81514E+00
    0.82504E+00
    0.81663E+00
    0.81436E+00
    0.80266E+00
    0.81612E+00
    0.79901E+00
    0.78725E+00
    0.78058E+00
    0.77643E+00
    0.76471E+00
    0.75493E+00
    0.76020E+00
    0.75524E+00
    0.75845E+00
    0.75150E+00
    0.75591E+00
    0.73079E+00
    0.73526E+00
    0.72864E+00
    0.72782E+00
    0.72742E+00
    0.71554E+00
    0.72627E+00
    0.73171E+00
    0.72849E+00
    0.72184E+00
    0.71416E+00
    0.72536E+00
    0.72865E+00
    0.72941E+00
    0.73634E+00
    0.73358E+00
    0.73431E+00
    0.73873E+00
    0.74117E+00
    0.73906E+00
    0.73962E+00
    0.73109E+00
    0.74200E+00
    0.73851E+00
    0.74155E+00
    0.75016E+00
    0.74260E+00
    0.75864E+00
    0.74186E+00
    0.73205E+00
    0.72473E+00
    0.73714E+00
    0.72151E+00
    0.74911E+00
    0.76294E+00
    0.76560E+00
    0.77432E+00
    0.77239E+00
    0.78438E+00
    0.78858E+00
    0.81596E+00
    0.81649E+00
    0.82960E+00
    0.84423E+00
    0.84772E+00
    0.86241E+00
    0.86983E+00
    0.87393E+00
    0.86007E+00
    0.86620E+00
    0.85852E+00
    0.86001E+00
    0.85819E+00
    0.84369E+00
    0.85146E+00
    0.85972E+00
    0.86369E+00
    0.85965E+00
    0.86036E+00
    0.86625E+00
    0.86638E+00
    0.86522E+00
    0.84959E+00
    0.84912E+00
    0.84150E+00
    0.82928E+00
    0.82858E+00
    0.81688E+00
    0.80358E+00
    0.79180E+00
    0.78374E+00
    0.78450E+00
    0.76964E+00
    0.76625E+00
    0.77377E+00
    0.76419E+00
    0.75719E+00
    0.74267E+00
    0.73886E+00
    0.73496E+00
    0.72434E+00
    0.72426E+00
    0.72298E+00
    0.71930E+00
    0.69779E+00
    0.69656E+00
    0.69966E+00
    0.67843E+00
    0.67520E+00
    0.68259E+00
    0.67443E+00
    0.68155E+00
    0.66973E+00
    0.66815E+00
    0.65126E+00
    0.65676E+00
    0.65287E+00
    0.67263E+00
    0.66551E+00
    0.66676E+00
    0.65361E+00
    0.65532E+00
    0.65903E+00
    0.63649E+00
    0.64828E+00
    0.65083E+00
    0.64243E+00
    0.64074E+00
    0.63300E+00
    0.63692E+00
    0.62682E+00
    0.62318E+00
    0.60891E+00
    0.60796E+00
    0.58112E+00
    0.58334E+00
    0.56255E+00
    0.55008E+00
    0.54113E+00
    0.51955E+00
    0.50896E+00
    0.51328E+00
    0.50127E+00
    0.50213E+00
    0.48323E+00
    0.47654E+00
    0.48609E+00
    0.46225E+00
    0.45815E+00
    0.44929E+00
    0.42676E+00
    0.42553E+00
    0.39650E+00
    0.37012E+00
    0.36768E+00
    0.36597E+00
    0.36765E+00
    0.37046E+00
    0.37241E+00
    0.36361E+00
    0.37378E+00
    0.37192E+00
    0.36908E+00
    0.37843E+00
    0.36594E+00
    0.36723E+00
    0.35428E+00
    0.34787E+00
    0.33596E+00
    0.32831E+00
    0.32167E+00
    0.31441E+00
    0.30001E+00
    0.30566E+00
    0.29945E+00
    0.30231E+00
    0.29939E+00
    0.30238E+00
    0.29985E+00
    0.29690E+00
    0.29762E+00
    0.28884E+00
    0.29813E+00
    0.30330E+00
    0.29690E+00
    0.28730E+00
    0.29229E+00
    0.30993E+00
    0.31274E+00
    0.31802E+00
    0.31441E+00
    0.31305E+00
    0.30450E+00
    0.30346E+00
    0.29222E+00
    0.29728E+00
    0.29167E+00
    0.30722E+00
    0.29708E+00
    0.29947E+00
    0.29597E+00
    0.29967E+00
    0.29436E+00
    0.28654E+00
    0.29349E+00
    0.30263E+00
    0.30082E+00
    0.30299E+00
    0.29976E+00
    0.30109E+00
    0.31507E+00
    0.31209E+00
    0.33458E+00
    0.33284E+00
    0.34366E+00
    0.34417E+00
    0.34299E+00
    0.35578E+00
    0.35848E+00
    0.36288E+00
    0.34998E+00
    0.34987E+00
    0.35045E+00
    0.34659E+00
    0.34203E+00
    0.34044E+00
    0.34461E+00
    0.34701E+00
    0.35586E+00
    0.35453E+00
    0.36600E+00
    0.36743E+00
    0.37871E+00
    0.38112E+00
    0.39400E+00
    0.39783E+00
    0.40237E+00
    0.38978E+00
    0.39914E+00
    0.40405E+00
    0.41061E+00
    0.40862E+00
    0.41390E+00
    0.41287E+00
    0.41428E+00
    0.41869E+00
    0.42684E+00
    0.42679E+00
    0.43090E+00
    0.42983E+00
    0.43585E+00
    0.44677E+00
    0.45643E+00
    0.46286E+00
    0.46608E+00
    0.46755E+00
    0.46062E+00
    0.46317E+00
    0.46134E+00
    0.45009E+00
    0.45418E+00
    0.43537E+00
    0.43625E+00
    0.43303E+00
    0.44319E+00
    0.44109E+00
    0.44089E+00
    0.45441E+00
    0.45555E+00
    0.45918E+00
    0.45345E+00
    0.46271E+00
    0.45602E+00
    0.45156E+00
    0.45333E+00
    0.45221E+00
    0.45441E+00
    0.44494E+00
    0.43159E+00
    0.41579E+00
    0.41789E+00
    0.41484E+00
    0.41016E+00
    0.41456E+00
    0.40104E+00
    0.39655E+00
    0.40043E+00
    0.40488E+00
    0.42152E+00
    0.42048E+00
    0.43241E+00
    0.42988E+00
    0.42423E+00
    0.42690E+00
    0.42696E+00
    0.42637E+00
    0.41894E+00
    0.42448E+00
    0.42626E+00
    0.42935E+00
    0.41744E+00
    0.41748E+00
    0.40225E+00
    0.39430E+00
    0.38463E+00
    0.36530E+00
    0.36722E+00
    0.37135E+00
    0.36667E+00
    0.37553E+00
    0.36162E+00
    0.37112E+00
    0.36570E+00
    0.36236E+00
    0.36176E+00
    0.36405E+00
    0.35954E+00
    0.36628E+00
    0.38154E+00
    0.40527E+00
    0.41209E+00
    0.41699E+00
    0.41485E+00
    0.41747E+00
    0.41870E+00
    0.40967E+00
    0.41811E+00
    0.42727E+00
    0.43757E+00
    0.43731E+00
    0.45522E+00
    0.45730E+00
    0.46503E+00
    0.46893E+00
    0.47590E+00
    0.47142E+00
    0.46151E+00
    0.44515E+00
    0.43107E+00
    0.43300E+00
    0.43431E+00
    0.41662E+00
    0.41781E+00
    0.41760E+00
    0.41101E+00
    0.41252E+00
