    0.22287E+00
    0.23522E+00
    0.24191E+00
    0.23902E+00
    0.22776E+00
    0.22160E+00
    0.20673E+00
    0.19435E+00
    0.19221E+00
    0.18412E+00
    0.18016E+00
    0.16725E+00
    0.16117E+00
    0.15717E+00
    0.16138E+00
    0.15832E+00
    0.17365E+00
    0.18216E+00
    0.18726E+00
    0.19410E+00
    0.17019E+00
    0.15042E+00
    0.15721E+00
    0.14997E+00
    0.12906E+00
    0.12080E+00
    0.14256E+00
    0.16396E+00
    0.15928E+00
    0.15382E+00
    0.16185E+00
    0.17743E+00
    0.15904E+00
    0.14420E+00
    0.16396E+00
    0.18537E+00
    0.19245E+00
    0.19172E+00
    0.19795E+00
    0.19868E+00
    0.19278E+00
    0.18802E+00
    0.20013E+00
    0.21285E+00
    0.21031E+00
    0.22790E+00
    0.22521E+00
    0.22975E+00
    0.22195E+00
    0.23112E+00
    0.22470E+00
    0.22016E+00
    0.19896E+00
    0.19868E+00
    0.22249E+00
    0.23300E+00
    0.23016E+00
    0.24169E+00
    0.25086E+00
    0.26275E+00
    0.25882E+00
    0.25652E+00
    0.23217E+00
    0.18529E+00
    0.17956E+00
    0.18093E+00
    0.20262E+00
    0.22217E+00
    0.24095E+00
    0.26102E+00
    0.29480E+00
    0.33424E+00
    0.35103E+00
    0.35276E+00
    0.34360E+00
    0.33706E+00
    0.33691E+00
    0.32260E+00
    0.30392E+00
    0.29188E+00
    0.23263E+00
    0.20091E+00
    0.20824E+00
    0.21068E+00
    0.22133E+00
    0.23135E+00
    0.24076E+00
    0.26424E+00
    0.24706E+00
    0.23589E+00
    0.22777E+00
    0.21692E+00
    0.21421E+00
    0.20059E+00
    0.20827E+00
    0.22153E+00
    0.23268E+00
    0.24417E+00
    0.25559E+00
    0.27497E+00
    0.28191E+00
    0.26190E+00
    0.25349E+00
    0.24000E+00
    0.23312E+00
    0.21110E+00
    0.20638E+00
    0.20658E+00
    0.24853E+00
    0.25517E+00
    0.25022E+00
    0.24648E+00
    0.21790E+00
    0.20977E+00
    0.23176E+00
    0.23947E+00
    0.25076E+00
    0.25923E+00
    0.26879E+00
    0.27383E+00
    0.24995E+00
    0.21606E+00
    0.18875E+00
    0.17564E+00
    0.17922E+00
    0.19142E+00
    0.19892E+00
    0.21599E+00
    0.24180E+00
    0.26096E+00
    0.22276E+00
    0.19179E+00
    0.19201E+00
    0.20506E+00
    0.18970E+00
    0.17796E+00
    0.21435E+00
    0.22173E+00
    0.21169E+00
    0.20444E+00
    0.21243E+00
    0.21205E+00
    0.21773E+00
    0.22678E+00
    0.24013E+00
    0.24927E+00
    0.25806E+00
    0.27697E+00
    0.31983E+00
    0.34539E+00
    0.32988E+00
    0.31766E+00
    0.30499E+00
    0.27894E+00
    0.25956E+00
    0.23869E+00
    0.22047E+00
    0.19818E+00
    0.19432E+00
    0.19512E+00
    0.21903E+00
    0.24895E+00
    0.26512E+00
    0.28843E+00
    0.27203E+00
    0.26028E+00
    0.23711E+00
    0.21772E+00
    0.19137E+00
    0.17400E+00
    0.16088E+00
    0.15969E+00
    0.15121E+00
    0.14941E+00
    0.16998E+00
    0.19831E+00
    0.23186E+00
    0.27027E+00
    0.28441E+00
    0.30262E+00
    0.31657E+00
    0.33151E+00
    0.36698E+00
    0.38473E+00
    0.38207E+00
    0.38511E+00
    0.48346E+00
    0.43897E+00
    0.40718E+00
    0.38148E+00
    0.36038E+00
    0.34313E+00
    0.32504E+00
    0.31536E+00
    0.30373E+00
    0.29321E+00
    0.28395E+00
    0.28397E+00
    0.29864E+00
    0.31003E+00
    0.32644E+00
    0.34365E+00
    0.36668E+00
    0.38671E+00
    0.37349E+00
    0.35754E+00
    0.33626E+00
    0.31678E+00
    0.29254E+00
    0.27154E+00
    0.24573E+00
    0.23368E+00
    0.22637E+00
    0.22630E+00
    0.22847E+00
    0.22557E+00
    0.21690E+00
    0.21263E+00
    0.21030E+00
    0.21357E+00
    0.22127E+00
    0.22774E+00
    0.24323E+00
    0.24806E+00
    0.29335E+00
    0.34710E+00
    0.37487E+00
    0.40701E+00
    0.39553E+00
    0.40539E+00
    0.39213E+00
    0.40818E+00
    0.41173E+00
    0.41226E+00
    0.42693E+00
    0.43403E+00
    0.46294E+00
    0.46964E+00
    0.44294E+00
    0.42943E+00
    0.40416E+00
    0.39196E+00
    0.38462E+00
    0.36695E+00
    0.35276E+00
    0.33222E+00
    0.33147E+00
    0.34711E+00
    0.38218E+00
    0.41516E+00
    0.43638E+00
    0.45066E+00
    0.45299E+00
    0.44497E+00
    0.41007E+00
    0.35689E+00
    0.32002E+00
    0.30538E+00
    0.28017E+00
    0.25700E+00
    0.27955E+00
    0.26379E+00
    0.25793E+00
    0.26167E+00
    0.27614E+00
    0.29635E+00
    0.30976E+00
    0.32487E+00
    0.32862E+00
    0.31648E+00
    0.31523E+00
    0.31794E+00
    0.31794E+00
    0.32246E+00
    0.32849E+00
    0.32451E+00
    0.32761E+00
    0.32790E+00
    0.33889E+00
    0.33711E+00
    0.35145E+00
    0.36099E+00
    0.37350E+00
    0.39109E+00
    0.40018E+00
    0.41038E+00
    0.42465E+00
    0.45978E+00
    0.47770E+00
    0.48851E+00
    0.49226E+00
    0.53565E+00
    0.52631E+00
    0.52399E+00
    0.48882E+00
    0.43690E+00
    0.41599E+00
    0.40794E+00
    0.40770E+00
    0.41288E+00
    0.40685E+00
    0.39623E+00
    0.37403E+00
    0.34861E+00
    0.33035E+00
    0.31787E+00
    0.30471E+00
    0.29261E+00
    0.25905E+00
    0.22766E+00
    0.22752E+00
    0.22454E+00
    0.23481E+00
    0.24256E+00
    0.26500E+00
    0.28016E+00
    0.30766E+00
    0.32651E+00
    0.33755E+00
    0.33547E+00
    0.32888E+00
    0.31595E+00
    0.29202E+00
    0.27093E+00
    0.26518E+00
    0.25363E+00
    0.26360E+00
    0.26810E+00
    0.27613E+00
    0.28666E+00
    0.31369E+00
    0.34514E+00
    0.35847E+00
    0.37669E+00
    0.37226E+00
    0.37661E+00
    0.38266E+00
    0.37195E+00
    0.36124E+00
    0.34701E+00
    0.33193E+00
    0.32236E+00
    0.30183E+00
    0.28860E+00
    0.28315E+00
    0.27527E+00
    0.28647E+00
    0.28700E+00
    0.29439E+00
    0.29946E+00
    0.31458E+00
    0.34004E+00
    0.37621E+00
    0.40726E+00
    0.45412E+00
    0.51890E+00
    0.52003E+00
    0.50703E+00
    0.47511E+00
    0.44458E+00
    0.42015E+00
    0.39763E+00
    0.39858E+00
    0.39051E+00
    0.41582E+00
    0.42724E+00
    0.41894E+00
    0.40927E+00
    0.38662E+00
    0.36165E+00
    0.35267E+00
    0.34610E+00
    0.32489E+00
    0.31979E+00
    0.31638E+00
    0.31669E+00
    0.32754E+00
    0.33396E+00
    0.34612E+00
    0.35785E+00
    0.35618E+00
    0.37490E+00
    0.35364E+00
    0.32413E+00
    0.31401E+00
    0.30258E+00
    0.32089E+00
    0.31681E+00
    0.29258E+00
    0.28630E+00
    0.28263E+00
    0.27534E+00
    0.27641E+00
    0.25618E+00
    0.25521E+00
    0.24362E+00
    0.25761E+00
    0.26263E+00
    0.26053E+00
    0.24354E+00
    0.23082E+00
    0.22176E+00
    0.22243E+00
    0.21084E+00
    0.21180E+00
    0.22358E+00
    0.23142E+00
    0.23576E+00
    0.23379E+00
    0.23620E+00
    0.23695E+00
    0.22561E+00
    0.22269E+00
    0.22224E+00
    0.23180E+00
    0.22458E+00
    0.22119E+00
    0.22104E+00
    0.24163E+00
    0.25321E+00
    0.25915E+00
    0.26400E+00
    0.26895E+00
    0.27741E+00
    0.26360E+00
    0.25077E+00
    0.23552E+00
    0.23161E+00
    0.22194E+00
    0.22817E+00
    0.22412E+00
    0.21792E+00
    0.20177E+00
    0.18982E+00
    0.19134E+00
    0.19160E+00
    0.18998E+00
    0.18870E+00
    0.19518E+00
    0.21173E+00
    0.20488E+00
    0.19509E+00
    0.18978E+00
    0.17590E+00
    0.16567E+00
    0.15435E+00
    0.13571E+00
    0.12178E+00
    0.11948E+00
    0.12173E+00
    0.13661E+00
    0.15773E+00
    0.15645E+00
    0.15236E+00
    0.15746E+00
    0.15878E+00
    0.16690E+00
    0.17252E+00
    0.16565E+00
    0.15621E+00
    0.14833E+00
    0.13992E+00
    0.12895E+00
    0.12540E+00
    0.11832E+00
    0.10975E+00
    0.11159E+00
    0.11361E+00
    0.11742E+00
    0.11675E+00
    0.11658E+00
    0.11937E+00
    0.11821E+00
    0.11985E+00
    0.12275E+00
    0.12423E+00
    0.13343E+00
    0.14566E+00
    0.12860E+00
    0.11444E+00
    0.12989E+00
    0.14864E+00
    0.15206E+00
    0.15778E+00
    0.15416E+00
    0.14417E+00
    0.14240E+00
    0.14367E+00
    0.13261E+00
    0.12043E+00
    0.12283E+00
    0.12848E+00
    0.12513E+00
    0.12098E+00
    0.13205E+00
    0.13692E+00
    0.12991E+00
    0.12802E+00
    0.13570E+00
    0.14598E+00
    0.14900E+00
    0.14417E+00
    0.14290E+00
    0.13771E+00
    0.13861E+00
    0.14425E+00
    0.16380E+00
    0.18364E+00
    0.18611E+00
    0.19189E+00
    0.18468E+00
    0.18297E+00
    0.19262E+00
    0.19530E+00
    0.17203E+00
    0.15408E+00
    0.15823E+00
    0.15818E+00
    0.14583E+00
    0.13699E+00
    0.14180E+00
    0.13991E+00
    0.14826E+00
    0.15543E+00
    0.16352E+00
    0.16466E+00
    0.17025E+00
    0.17707E+00
    0.19437E+00
    0.19002E+00
    0.18655E+00
    0.19191E+00
    0.18998E+00
    0.18974E+00
    0.19170E+00
    0.18845E+00
    0.17797E+00
    0.17008E+00
    0.17286E+00
    0.17535E+00
    0.18748E+00
    0.19635E+00
    0.20055E+00
    0.20066E+00
    0.20603E+00
    0.23113E+00
    0.24284E+00
    0.24895E+00
    0.24169E+00
    0.23183E+00
    0.21899E+00
    0.21941E+00
    0.21452E+00
    0.21021E+00
    0.19598E+00
    0.18089E+00
    0.17795E+00
    0.17463E+00
    0.17982E+00
    0.17889E+00
    0.18563E+00
    0.19565E+00
    0.19665E+00
    0.19717E+00
    0.19760E+00
    0.20038E+00
    0.18117E+00
    0.18576E+00
    0.19103E+00
    0.19913E+00
    0.19198E+00
    0.17932E+00
    0.17194E+00
    0.16348E+00
    0.16687E+00
    0.16453E+00
    0.17233E+00
    0.18364E+00
    0.16802E+00
    0.15516E+00
    0.17171E+00
    0.18601E+00
    0.19002E+00
    0.19001E+00
    0.19401E+00
    0.20872E+00
    0.22132E+00
    0.22114E+00
    0.19899E+00
    0.18275E+00
    0.17500E+00
    0.16927E+00
    0.17536E+00
    0.18221E+00
    0.17246E+00
    0.15795E+00
    0.14315E+00
    0.13526E+00
    0.13320E+00
    0.12797E+00
    0.13211E+00
    0.13971E+00
    0.13831E+00
    0.14212E+00
    0.14581E+00
    0.14736E+00
    0.14280E+00
    0.14893E+00
    0.15271E+00
    0.15554E+00
    0.15904E+00
    0.15328E+00
    0.17904E+00
    0.20070E+00
    0.19740E+00
    0.18458E+00
    0.18567E+00
    0.18968E+00
    0.18697E+00
    0.18181E+00
    0.19491E+00
    0.20802E+00
    0.20389E+00
    0.20549E+00
    0.22131E+00
    0.25830E+00
    0.26012E+00
    0.25402E+00
    0.25469E+00
    0.25149E+00
    0.22135E+00
    0.18961E+00
    0.17454E+00
    0.14593E+00
    0.13213E+00
    0.13269E+00
    0.15000E+00
    0.16858E+00
    0.17643E+00
    0.17710E+00
