    0.72359E+00
    0.72893E+00
    0.73330E+00
    0.73501E+00
    0.73939E+00
    0.73786E+00
    0.73705E+00
    0.73290E+00
    0.72632E+00
    0.71875E+00
    0.71451E+00
    0.70862E+00
    0.70041E+00
    0.69431E+00
    0.69277E+00
    0.68730E+00
    0.68674E+00
    0.68304E+00
    0.68257E+00
    0.67900E+00
    0.67930E+00
    0.67812E+00
    0.67356E+00
    0.67176E+00
    0.67245E+00
    0.67123E+00
    0.67302E+00
    0.67702E+00
    0.68005E+00
    0.68100E+00
    0.68754E+00
    0.69349E+00
    0.69655E+00
    0.70458E+00
    0.71277E+00
    0.71529E+00
    0.72006E+00
    0.72518E+00
    0.73133E+00
    0.73437E+00
    0.73936E+00
    0.74188E+00
    0.74699E+00
    0.75023E+00
    0.75572E+00
    0.75732E+00
    0.76154E+00
    0.76375E+00
    0.76757E+00
    0.76797E+00
    0.76694E+00
    0.77204E+00
    0.76979E+00
    0.77272E+00
    0.77379E+00
    0.77432E+00
    0.77518E+00
    0.77543E+00
    0.77862E+00
    0.78051E+00
    0.78013E+00
    0.78028E+00
    0.78181E+00
    0.77928E+00
    0.77795E+00
    0.77821E+00
    0.78332E+00
    0.78830E+00
    0.79414E+00
    0.80049E+00
    0.80562E+00
    0.81682E+00
    0.82319E+00
    0.83044E+00
    0.83323E+00
    0.83282E+00
    0.83284E+00
    0.82944E+00
    0.82294E+00
    0.81524E+00
    0.80443E+00
    0.79433E+00
    0.78665E+00
    0.78145E+00
    0.77576E+00
    0.77372E+00
    0.77113E+00
    0.76826E+00
    0.76446E+00
    0.76201E+00
    0.75983E+00
    0.75383E+00
    0.74634E+00
    0.73971E+00
    0.72961E+00
    0.72562E+00
    0.72093E+00
    0.72020E+00
    0.72066E+00
    0.72385E+00
    0.72906E+00
    0.72889E+00
    0.73232E+00
    0.73181E+00
    0.73210E+00
    0.73037E+00
    0.72865E+00
    0.72951E+00
    0.72952E+00
    0.73035E+00
    0.73208E+00
    0.73272E+00
    0.73234E+00
    0.73274E+00
    0.73461E+00
    0.73595E+00
    0.73552E+00
    0.73689E+00
    0.73851E+00
    0.73814E+00
    0.73861E+00
    0.73696E+00
    0.73577E+00
    0.73040E+00
    0.73228E+00
    0.73104E+00
    0.73116E+00
    0.73315E+00
    0.73651E+00
    0.73980E+00
    0.74248E+00
    0.74229E+00
    0.74510E+00
    0.74660E+00
    0.74574E+00
    0.74515E+00
    0.74949E+00
    0.75397E+00
    0.75416E+00
    0.76199E+00
    0.76504E+00
    0.77085E+00
    0.77671E+00
    0.77934E+00
    0.78570E+00
    0.79033E+00
    0.79937E+00
    0.80645E+00
    0.81665E+00
    0.82288E+00
    0.82808E+00
    0.82859E+00
    0.82530E+00
    0.81583E+00
    0.80780E+00
    0.79706E+00
    0.78608E+00
    0.77334E+00
    0.76344E+00
    0.75622E+00
    0.75441E+00
    0.75460E+00
    0.75561E+00
    0.75689E+00
    0.75841E+00
    0.75846E+00
    0.75732E+00
    0.75176E+00
    0.74775E+00
    0.74162E+00
    0.73590E+00
    0.73210E+00
    0.72914E+00
    0.72884E+00
    0.73235E+00
    0.73909E+00
    0.74997E+00
    0.76299E+00
    0.77661E+00
    0.78895E+00
    0.80412E+00
    0.81926E+00
    0.83554E+00
    0.84734E+00
    0.85477E+00
    0.86522E+00
    0.87060E+00
    0.87650E+00
    0.87373E+00
    0.87043E+00
    0.86691E+00
    0.85812E+00
    0.84939E+00
    0.84066E+00
    0.83213E+00
    0.82858E+00
    0.82348E+00
    0.82085E+00
    0.82375E+00
    0.82386E+00
    0.82937E+00
    0.83172E+00
    0.83663E+00
    0.83852E+00
    0.83895E+00
    0.83845E+00
    0.83196E+00
    0.82381E+00
    0.81394E+00
    0.80275E+00
    0.79225E+00
    0.78302E+00
    0.77268E+00
    0.76725E+00
    0.76196E+00
    0.75721E+00
    0.76112E+00
    0.76083E+00
    0.76716E+00
    0.77787E+00
    0.78720E+00
    0.80016E+00
    0.81464E+00
    0.83128E+00
    0.84595E+00
    0.86067E+00
    0.87476E+00
    0.88707E+00
    0.89925E+00
    0.90339E+00
    0.91305E+00
    0.91721E+00
    0.92012E+00
    0.92349E+00
    0.92461E+00
    0.92391E+00
    0.92255E+00
    0.91926E+00
    0.91363E+00
    0.90719E+00
    0.89925E+00
    0.89235E+00
    0.88422E+00
    0.87860E+00
    0.87766E+00
    0.87092E+00
    0.87117E+00
    0.87217E+00
    0.87311E+00
    0.87926E+00
    0.87940E+00
    0.87775E+00
    0.87491E+00
    0.86353E+00
    0.84869E+00
    0.83025E+00
    0.80965E+00
    0.79298E+00
    0.77975E+00
    0.77153E+00
    0.76932E+00
    0.77233E+00
    0.77453E+00
    0.78057E+00
    0.78807E+00
    0.79793E+00
    0.80697E+00
    0.81294E+00
    0.81789E+00
    0.82947E+00
    0.83614E+00
    0.84123E+00
    0.84983E+00
    0.85517E+00
    0.86242E+00
    0.86565E+00
    0.87187E+00
    0.87495E+00
    0.88049E+00
    0.88463E+00
    0.88700E+00
    0.89565E+00
    0.90384E+00
    0.91463E+00
    0.92519E+00
    0.93775E+00
    0.95391E+00
    0.97140E+00
    0.98721E+00
    0.99937E+00
    0.10047E+01
    0.10092E+01
    0.10057E+01
    0.10019E+01
    0.98766E+00
    0.96895E+00
    0.94576E+00
    0.92256E+00
    0.90611E+00
    0.88693E+00
    0.87237E+00
    0.85432E+00
    0.84000E+00
    0.82314E+00
    0.80724E+00
    0.79598E+00
    0.78171E+00
    0.77236E+00
    0.75730E+00
    0.74639E+00
    0.73571E+00
    0.73003E+00
    0.72857E+00
    0.72822E+00
    0.73900E+00
    0.74900E+00
    0.76473E+00
    0.77909E+00
    0.79336E+00
    0.80347E+00
    0.80852E+00
    0.80950E+00
    0.80734E+00
    0.80510E+00
    0.80028E+00
    0.79644E+00
    0.79755E+00
    0.79711E+00
    0.80135E+00
    0.81014E+00
    0.81662E+00
    0.82910E+00
    0.83721E+00
    0.84653E+00
    0.85434E+00
    0.86173E+00
    0.86665E+00
    0.86975E+00
    0.86813E+00
    0.86311E+00
    0.86073E+00
    0.85322E+00
    0.84761E+00
    0.84487E+00
    0.84403E+00
    0.84454E+00
    0.85031E+00
    0.85390E+00
    0.85489E+00
    0.86065E+00
    0.86112E+00
    0.87204E+00
    0.88441E+00
    0.89882E+00
    0.91013E+00
    0.91978E+00
    0.92675E+00
    0.92551E+00
    0.91904E+00
    0.91322E+00
    0.90596E+00
    0.89895E+00
    0.89123E+00
    0.88500E+00
    0.87974E+00
    0.87601E+00
    0.87225E+00
    0.85965E+00
    0.85069E+00
    0.83874E+00
    0.82446E+00
    0.81100E+00
    0.80093E+00
    0.78867E+00
    0.78138E+00
    0.77532E+00
    0.77302E+00
    0.77238E+00
    0.77403E+00
    0.77702E+00
    0.77928E+00
    0.78060E+00
    0.78230E+00
    0.78414E+00
    0.77972E+00
    0.77884E+00
    0.77271E+00
    0.76454E+00
    0.75680E+00
    0.74551E+00
    0.74021E+00
    0.73305E+00
    0.72668E+00
    0.71535E+00
    0.70928E+00
    0.70538E+00
    0.69913E+00
    0.69520E+00
    0.69031E+00
    0.68734E+00
    0.68435E+00
    0.68115E+00
    0.67671E+00
    0.67342E+00
    0.67309E+00
    0.66987E+00
    0.67297E+00
    0.67253E+00
    0.67523E+00
    0.67538E+00
    0.67735E+00
    0.67949E+00
    0.67852E+00
    0.67583E+00
    0.67830E+00
    0.67868E+00
    0.68164E+00
    0.68394E+00
    0.68639E+00
    0.69019E+00
    0.69492E+00
    0.69849E+00
    0.70049E+00
    0.70469E+00
    0.70295E+00
    0.70426E+00
    0.70506E+00
    0.70363E+00
    0.70271E+00
    0.69982E+00
    0.70052E+00
    0.69729E+00
    0.69509E+00
    0.69346E+00
    0.69146E+00
    0.69119E+00
    0.68777E+00
    0.68654E+00
    0.68590E+00
    0.68525E+00
    0.68306E+00
    0.68002E+00
    0.67499E+00
    0.67044E+00
    0.66324E+00
    0.65719E+00
    0.65133E+00
    0.64516E+00
    0.63994E+00
    0.63408E+00
    0.63162E+00
    0.63079E+00
    0.63474E+00
    0.63238E+00
    0.63209E+00
    0.63302E+00
    0.63473E+00
    0.63421E+00
    0.63293E+00
    0.63444E+00
    0.63111E+00
    0.62918E+00
    0.62435E+00
    0.61937E+00
    0.61563E+00
    0.61330E+00
    0.60612E+00
    0.60479E+00
    0.60222E+00
    0.60125E+00
    0.60069E+00
    0.59939E+00
    0.60059E+00
    0.59905E+00
    0.60189E+00
    0.60565E+00
    0.60547E+00
    0.60832E+00
    0.61054E+00
    0.61337E+00
    0.61974E+00
    0.62061E+00
    0.62463E+00
    0.62647E+00
    0.62908E+00
    0.63049E+00
    0.63133E+00
    0.63332E+00
    0.63254E+00
    0.63451E+00
    0.63348E+00
    0.63410E+00
    0.63359E+00
    0.63748E+00
    0.63912E+00
    0.64187E+00
    0.64546E+00
    0.65028E+00
    0.65404E+00
    0.65570E+00
    0.65929E+00
    0.66248E+00
    0.66848E+00
    0.67538E+00
    0.67848E+00
    0.68210E+00
    0.68583E+00
    0.69268E+00
    0.69651E+00
    0.70372E+00
    0.71001E+00
    0.71170E+00
    0.71446E+00
    0.71162E+00
    0.71470E+00
    0.71254E+00
    0.71169E+00
    0.70998E+00
    0.70610E+00
    0.70575E+00
    0.70141E+00
    0.70065E+00
    0.70076E+00
    0.70005E+00
    0.70269E+00
    0.70282E+00
    0.70540E+00
    0.70795E+00
    0.71112E+00
    0.71311E+00
    0.71819E+00
    0.71996E+00
    0.72378E+00
    0.72750E+00
    0.73179E+00
    0.73160E+00
    0.73366E+00
    0.73465E+00
    0.73774E+00
    0.73687E+00
    0.74162E+00
    0.74481E+00
    0.74682E+00
    0.75122E+00
    0.75711E+00
    0.76008E+00
    0.76230E+00
    0.76749E+00
    0.76969E+00
    0.76966E+00
    0.76909E+00
    0.76733E+00
    0.76295E+00
    0.76016E+00
    0.75094E+00
    0.74993E+00
    0.74562E+00
    0.73910E+00
    0.73388E+00
    0.72853E+00
    0.72462E+00
    0.72347E+00
    0.72309E+00
    0.71687E+00
    0.71509E+00
    0.71428E+00
    0.71240E+00
    0.71033E+00
    0.70383E+00
    0.70446E+00
    0.69880E+00
    0.69860E+00
    0.69631E+00
    0.69502E+00
    0.69431E+00
    0.69473E+00
    0.69514E+00
    0.69556E+00
    0.69288E+00
    0.69641E+00
    0.69724E+00
    0.69969E+00
    0.70321E+00
    0.70425E+00
    0.70329E+00
    0.70762E+00
    0.70733E+00
    0.70815E+00
    0.70749E+00
    0.70382E+00
    0.69927E+00
    0.69731E+00
    0.69147E+00
    0.68540E+00
    0.67963E+00
    0.67477E+00
    0.66885E+00
    0.66530E+00
    0.65995E+00
    0.65644E+00
    0.65318E+00
    0.65222E+00
    0.65305E+00
    0.65409E+00
    0.65539E+00
    0.65718E+00
    0.66196E+00
    0.66746E+00
    0.67120E+00
    0.67804E+00
    0.68333E+00
    0.68838E+00
    0.69741E+00
    0.70407E+00
    0.70853E+00
    0.71760E+00
    0.72382E+00
    0.72947E+00
    0.73600E+00
    0.74129E+00
    0.74621E+00
    0.75184E+00
    0.75601E+00
    0.76211E+00
    0.76400E+00
    0.76914E+00
    0.77212E+00
    0.77187E+00
    0.77066E+00
    0.76721E+00
    0.76223E+00
    0.75526E+00
    0.74865E+00
    0.73944E+00
    0.73363E+00
    0.72576E+00
    0.72226E+00
    0.71986E+00
    0.71955E+00
    0.72060E+00
