    0.48733E+00
    0.50248E+00
    0.50072E+00
    0.48744E+00
    0.46846E+00
    0.43242E+00
    0.40227E+00
    0.38547E+00
    0.36322E+00
    0.33535E+00
    0.31562E+00
    0.31482E+00
    0.31290E+00
    0.33921E+00
    0.36154E+00
    0.38036E+00
    0.38118E+00
    0.37957E+00
    0.36418E+00
    0.34701E+00
    0.34464E+00
    0.33936E+00
    0.34322E+00
    0.34478E+00
    0.35603E+00
    0.37569E+00
    0.40682E+00
    0.42003E+00
    0.43687E+00
    0.45576E+00
    0.45154E+00
    0.45131E+00
    0.45565E+00
    0.45934E+00
    0.47205E+00
    0.46080E+00
    0.44661E+00
    0.42756E+00
    0.41323E+00
    0.40609E+00
    0.40234E+00
    0.40450E+00
    0.37361E+00
    0.38428E+00
    0.35537E+00
    0.34608E+00
    0.34385E+00
    0.33447E+00
    0.30847E+00
    0.29995E+00
    0.29881E+00
    0.30662E+00
    0.30821E+00
    0.32414E+00
    0.31196E+00
    0.30783E+00
    0.29824E+00
    0.29119E+00
    0.29522E+00
    0.28821E+00
    0.26854E+00
    0.27148E+00
    0.27383E+00
    0.28573E+00
    0.29221E+00
    0.29568E+00
    0.29058E+00
    0.28718E+00
    0.28155E+00
    0.27493E+00
    0.26595E+00
    0.25405E+00
    0.24243E+00
    0.23970E+00
    0.24128E+00
    0.24116E+00
    0.24422E+00
    0.25543E+00
    0.26587E+00
    0.27236E+00
    0.28125E+00
    0.29320E+00
    0.28268E+00
    0.28972E+00
    0.29028E+00
    0.29225E+00
    0.28566E+00
    0.28204E+00
    0.27848E+00
    0.26153E+00
    0.26056E+00
    0.26159E+00
    0.24628E+00
    0.23269E+00
    0.22437E+00
    0.21360E+00
    0.21228E+00
    0.20093E+00
    0.19853E+00
    0.19159E+00
    0.19034E+00
    0.19355E+00
    0.19648E+00
    0.19752E+00
    0.20792E+00
    0.20554E+00
    0.21009E+00
    0.22205E+00
    0.22565E+00
    0.22089E+00
    0.21830E+00
    0.21241E+00
    0.20920E+00
    0.21609E+00
    0.21527E+00
    0.21642E+00
    0.21911E+00
    0.21930E+00
    0.22731E+00
    0.23335E+00
    0.25262E+00
    0.26782E+00
    0.26576E+00
    0.28009E+00
    0.27102E+00
    0.28353E+00
    0.28897E+00
    0.29705E+00
    0.30289E+00
    0.29755E+00
    0.30844E+00
    0.33018E+00
    0.32853E+00
    0.31989E+00
    0.31445E+00
    0.32500E+00
    0.31759E+00
    0.32610E+00
    0.32334E+00
    0.32501E+00
    0.32827E+00
    0.32734E+00
    0.33720E+00
    0.34226E+00
    0.34563E+00
    0.36316E+00
    0.36416E+00
    0.36348E+00
    0.35358E+00
    0.33712E+00
    0.32822E+00
    0.31850E+00
    0.30330E+00
    0.29474E+00
    0.29451E+00
    0.28702E+00
    0.28449E+00
    0.28616E+00
    0.27556E+00
    0.26271E+00
    0.25036E+00
    0.24504E+00
    0.22921E+00
    0.22754E+00
    0.22172E+00
    0.22223E+00
    0.22047E+00
    0.22038E+00
    0.21736E+00
    0.21399E+00
    0.21322E+00
    0.22066E+00
    0.22632E+00
    0.22858E+00
    0.22191E+00
    0.21403E+00
    0.21092E+00
    0.20970E+00
    0.21170E+00
    0.22329E+00
    0.20485E+00
    0.20106E+00
    0.17458E+00
    0.16484E+00
    0.16006E+00
    0.14208E+00
    0.12984E+00
    0.12841E+00
    0.12650E+00
    0.12718E+00
    0.12623E+00
    0.13025E+00
    0.13163E+00
    0.13412E+00
    0.13609E+00
    0.14059E+00
    0.14772E+00
    0.14969E+00
    0.15023E+00
    0.15586E+00
    0.15148E+00
    0.14929E+00
    0.15071E+00
    0.15026E+00
    0.15025E+00
    0.15896E+00
    0.16023E+00
    0.16243E+00
    0.17052E+00
    0.16835E+00
    0.16286E+00
    0.16554E+00
    0.17067E+00
    0.16241E+00
    0.16761E+00
    0.16969E+00
    0.17362E+00
    0.17513E+00
    0.17796E+00
    0.19192E+00
    0.19764E+00
    0.20071E+00
    0.20525E+00
    0.19631E+00
    0.18277E+00
    0.16202E+00
    0.15192E+00
    0.14049E+00
    0.13173E+00
    0.12717E+00
    0.12317E+00
    0.11821E+00
    0.11525E+00
    0.11413E+00
    0.10403E+00
    0.95667E-01
    0.87393E-01
    0.79145E-01
    0.73321E-01
    0.71690E-01
    0.69247E-01
    0.69872E-01
    0.67823E-01
    0.67276E-01
    0.67422E-01
    0.70626E-01
    0.72897E-01
    0.71618E-01
    0.72260E-01
    0.70521E-01
    0.68056E-01
    0.66768E-01
    0.64149E-01
    0.66834E-01
    0.63472E-01
    0.69023E-01
    0.68712E-01
    0.73559E-01
    0.79157E-01
    0.86409E-01
    0.92261E-01
    0.98635E-01
    0.10102E+00
    0.10262E+00
    0.10413E+00
    0.99717E-01
    0.99853E-01
    0.98506E-01
    0.10116E+00
    0.10253E+00
    0.10469E+00
    0.10379E+00
    0.10384E+00
    0.10093E+00
    0.99029E-01
    0.95668E-01
    0.91691E-01
    0.87351E-01
    0.81069E-01
    0.77679E-01
    0.73778E-01
    0.71341E-01
    0.67618E-01
    0.62703E-01
    0.62156E-01
    0.55016E-01
    0.57776E-01
    0.56581E-01
    0.57940E-01
    0.57035E-01
    0.56044E-01
    0.55352E-01
    0.55465E-01
    0.55714E-01
    0.52731E-01
    0.47560E-01
    0.47619E-01
    0.47614E-01
    0.47667E-01
    0.47014E-01
    0.46434E-01
    0.50908E-01
    0.53425E-01
    0.59210E-01
    0.64054E-01
    0.69021E-01
    0.76448E-01
    0.79576E-01
    0.86311E-01
    0.89198E-01
    0.95291E-01
    0.97423E-01
    0.10045E+00
    0.10582E+00
    0.10683E+00
    0.10622E+00
    0.11149E+00
    0.11161E+00
    0.11133E+00
    0.11422E+00
    0.11359E+00
    0.12020E+00
    0.11948E+00
    0.12528E+00
    0.12968E+00
    0.13439E+00
    0.13253E+00
    0.13559E+00
    0.12599E+00
    0.12577E+00
    0.11907E+00
    0.11470E+00
    0.11019E+00
    0.10685E+00
    0.11134E+00
    0.10764E+00
    0.10861E+00
    0.10973E+00
    0.10928E+00
    0.10893E+00
    0.11119E+00
    0.11539E+00
    0.11641E+00
    0.12053E+00
    0.11411E+00
    0.11693E+00
    0.11116E+00
    0.11149E+00
    0.11287E+00
    0.10212E+00
    0.99704E-01
    0.90177E-01
    0.82949E-01
    0.79177E-01
    0.68997E-01
    0.64043E-01
    0.58991E-01
    0.55235E-01
    0.53764E-01
    0.52116E-01
    0.47187E-01
    0.44714E-01
    0.43354E-01
    0.42206E-01
    0.39382E-01
    0.36990E-01
    0.38187E-01
    0.39106E-01
    0.38463E-01
    0.38179E-01
    0.40402E-01
    0.42942E-01
    0.42252E-01
    0.42864E-01
    0.44499E-01
    0.47950E-01
    0.47692E-01
    0.49121E-01
    0.50548E-01
    0.50650E-01
    0.53525E-01
    0.57583E-01
    0.58957E-01
    0.62978E-01
    0.66608E-01
    0.70079E-01
    0.69086E-01
    0.71818E-01
    0.74275E-01
    0.74321E-01
    0.75350E-01
    0.76420E-01
    0.80587E-01
    0.85639E-01
    0.88170E-01
    0.90571E-01
    0.94542E-01
    0.96279E-01
    0.95373E-01
    0.10436E+00
    0.10902E+00
    0.10904E+00
    0.11194E+00
    0.11387E+00
    0.11866E+00
    0.12015E+00
    0.12605E+00
    0.12919E+00
    0.13484E+00
    0.13509E+00
    0.13681E+00
    0.14232E+00
    0.14345E+00
    0.14679E+00
    0.14919E+00
    0.15696E+00
    0.16359E+00
    0.17082E+00
    0.17398E+00
    0.16619E+00
    0.16689E+00
    0.17051E+00
    0.17335E+00
    0.17292E+00
    0.18669E+00
    0.18269E+00
    0.20098E+00
    0.21156E+00
    0.20829E+00
    0.21704E+00
    0.22362E+00
    0.23209E+00
    0.24194E+00
    0.26087E+00
    0.26459E+00
    0.27345E+00
    0.28463E+00
    0.29184E+00
    0.29530E+00
    0.28921E+00
    0.29886E+00
    0.29161E+00
    0.29267E+00
    0.30325E+00
    0.30169E+00
    0.30316E+00
    0.31497E+00
    0.31251E+00
    0.31335E+00
    0.32412E+00
    0.32644E+00
    0.32017E+00
    0.32880E+00
    0.33481E+00
    0.34297E+00
    0.34866E+00
    0.34846E+00
    0.35084E+00
    0.36326E+00
    0.36377E+00
    0.36472E+00
    0.38133E+00
    0.37968E+00
    0.38689E+00
    0.38383E+00
    0.37688E+00
    0.37986E+00
    0.38411E+00
    0.38260E+00
    0.39140E+00
    0.39641E+00
    0.39464E+00
    0.40492E+00
    0.40166E+00
    0.40017E+00
    0.40965E+00
    0.40450E+00
    0.39534E+00
    0.41236E+00
    0.42009E+00
    0.42065E+00
    0.41866E+00
    0.41277E+00
    0.40958E+00
    0.40734E+00
    0.41566E+00
    0.40859E+00
    0.39830E+00
    0.40775E+00
    0.41108E+00
    0.42054E+00
    0.42365E+00
    0.42898E+00
    0.43121E+00
    0.43887E+00
    0.44315E+00
    0.44288E+00
    0.45291E+00
    0.45530E+00
    0.45981E+00
    0.46645E+00
    0.46725E+00
    0.47812E+00
    0.48764E+00
    0.48705E+00
    0.49662E+00
    0.49084E+00
    0.49286E+00
    0.49573E+00
    0.49459E+00
    0.49659E+00
    0.49649E+00
    0.48439E+00
    0.47661E+00
    0.46453E+00
    0.46231E+00
    0.45171E+00
    0.43699E+00
    0.43280E+00
    0.42213E+00
    0.42286E+00
    0.42705E+00
    0.42747E+00
    0.41713E+00
    0.42217E+00
    0.41919E+00
    0.42217E+00
    0.41877E+00
    0.40935E+00
    0.40707E+00
    0.41923E+00
    0.42363E+00
    0.41528E+00
    0.40789E+00
    0.43117E+00
    0.41413E+00
    0.41326E+00
    0.41243E+00
    0.40798E+00
    0.40736E+00
    0.41129E+00
    0.40554E+00
    0.40429E+00
    0.42252E+00
    0.42245E+00
    0.43795E+00
    0.43002E+00
    0.43134E+00
    0.41681E+00
    0.42221E+00
    0.40652E+00
    0.38736E+00
    0.37677E+00
    0.36970E+00
    0.36377E+00
    0.36420E+00
    0.36136E+00
    0.36183E+00
    0.35926E+00
    0.35167E+00
    0.35162E+00
    0.34788E+00
    0.34948E+00
    0.34933E+00
    0.33398E+00
    0.32092E+00
    0.31548E+00
    0.30904E+00
    0.29995E+00
    0.29116E+00
    0.30348E+00
    0.30865E+00
    0.31679E+00
    0.32125E+00
    0.33583E+00
    0.34475E+00
    0.35682E+00
    0.35944E+00
    0.37231E+00
    0.39042E+00
    0.40102E+00
    0.39905E+00
    0.40436E+00
    0.39628E+00
    0.39803E+00
    0.39383E+00
    0.40112E+00
    0.39657E+00
    0.41122E+00
    0.41251E+00
    0.40627E+00
    0.39253E+00
    0.37060E+00
    0.34941E+00
    0.33625E+00
    0.32067E+00
    0.31295E+00
    0.30728E+00
    0.31270E+00
    0.33137E+00
    0.35394E+00
    0.35565E+00
    0.36506E+00
    0.37607E+00
    0.37130E+00
    0.37805E+00
    0.38541E+00
    0.38477E+00
    0.39863E+00
    0.41084E+00
    0.43222E+00
    0.44611E+00
    0.45230E+00
    0.43092E+00
    0.42200E+00
    0.40630E+00
    0.39135E+00
    0.39289E+00
    0.41354E+00
    0.41654E+00
    0.43268E+00
    0.44340E+00
    0.44559E+00
    0.43423E+00
    0.42732E+00
    0.42374E+00
    0.41161E+00
    0.40991E+00
    0.38998E+00
    0.36954E+00
    0.35810E+00
    0.35076E+00
    0.32625E+00
    0.30521E+00
    0.28803E+00
    0.30379E+00
    0.31872E+00
    0.34264E+00
    0.37669E+00
    0.39619E+00
