    0.22620E+00
    0.24431E+00
    0.25894E+00
    0.27104E+00
    0.28272E+00
    0.29476E+00
    0.30722E+00
    0.32081E+00
    0.33567E+00
    0.35257E+00
    0.37056E+00
    0.38990E+00
    0.40756E+00
    0.42551E+00
    0.43743E+00
    0.43396E+00
    0.41504E+00
    0.40732E+00
    0.39876E+00
    0.38867E+00
    0.37543E+00
    0.35982E+00
    0.34274E+00
    0.32379E+00
    0.30480E+00
    0.28645E+00
    0.26937E+00
    0.25403E+00
    0.24120E+00
    0.23123E+00
    0.22294E+00
    0.21616E+00
