    0.24271E-01
    0.24508E-01
    0.25229E-01
    0.26102E-01
    0.27169E-01
    0.28302E-01
    0.29572E-01
    0.30917E-01
    0.32386E-01
    0.33928E-01
    0.35557E-01
    0.37288E-01
    0.39187E-01
    0.41246E-01
    0.43587E-01
    0.46427E-01
    0.46854E+00
    0.48537E+00
    0.47449E+00
    0.45396E+00
    0.43004E+00
    0.40671E+00
    0.38477E+00
    0.36505E+00
    0.34694E+00
    0.33051E+00
    0.31566E+00
    0.30203E+00
    0.28894E+00
    0.27553E+00
    0.26076E+00
    0.23949E+00
