    0.84654E+00
    0.94825E+00
    0.10049E+01
    0.10359E+01
    0.10539E+01
    0.10638E+01
    0.10697E+01
    0.10706E+01
    0.10703E+01
    0.10697E+01
    0.10640E+01
    0.10543E+01
    0.10363E+01
    0.10045E+01
    0.94871E+00
    0.84774E+00
    0.44446E+00
    0.35244E+00
    0.32505E+00
    0.31401E+00
    0.30884E+00
    0.30715E+00
    0.30596E+00
    0.30572E+00
    0.30614E+00
    0.30642E+00
    0.30683E+00
    0.30907E+00
    0.31385E+00
    0.32537E+00
    0.35255E+00
    0.44375E+00
