    0.10860E+01
    0.94113E+00
    0.81329E+00
    0.71996E+00
    0.65224E+00
    0.61059E+00
    0.58751E+00
    0.56918E+00
    0.54297E+00
    0.53697E+00
    0.52408E+00
    0.51460E+00
    0.50705E+00
    0.50009E+00
    0.49611E+00
    0.49851E+00
    0.58720E+00
    0.79103E+00
    0.96692E+00
    0.10985E+01
    0.11944E+01
    0.12558E+01
    0.12702E+01
    0.12801E+01
    0.12848E+01
    0.12751E+01
    0.12537E+01
    0.12413E+01
    0.12140E+01
    0.12025E+01
    0.11881E+01
    0.11533E+01
