    0.43803E+00
    0.46917E+00
    0.48246E+00
    0.51312E+00
    0.52867E+00
    0.56374E+00
    0.59242E+00
    0.61624E+00
    0.63649E+00
    0.65954E+00
    0.66419E+00
    0.67173E+00
    0.68844E+00
    0.69770E+00
    0.68108E+00
    0.65062E+00
    0.64135E+00
    0.65010E+00
    0.63938E+00
    0.62863E+00
    0.61879E+00
    0.59461E+00
    0.57017E+00
    0.56738E+00
    0.53282E+00
    0.52158E+00
    0.48797E+00
    0.46019E+00
    0.44884E+00
    0.41777E+00
    0.39612E+00
    0.40636E+00
