    0.13436E+00
    0.10714E+00
    0.94453E-01
    0.88385E-01
    0.85004E-01
    0.82095E-01
    0.80811E-01
    0.79530E-01
    0.80571E-01
    0.80215E-01
    0.81801E-01
    0.84783E-01
    0.89244E-01
    0.95858E-01
    0.10653E+00
    0.13585E+00
    0.31021E+00
    0.37704E+00
    0.40753E+00
    0.42721E+00
    0.44531E+00
    0.45538E+00
    0.46119E+00
    0.46490E+00
    0.46440E+00
    0.46469E+00
    0.45655E+00
    0.44296E+00
    0.42757E+00
    0.40790E+00
    0.37465E+00
    0.31055E+00
