    0.27859E+00
    0.26712E+00
    0.25531E+00
    0.24542E+00
    0.23761E+00
    0.23207E+00
    0.22805E+00
    0.22592E+00
    0.22597E+00
    0.22796E+00
    0.23176E+00
    0.23787E+00
    0.24578E+00
    0.25563E+00
    0.26676E+00
    0.27939E+00
    0.32332E+00
    0.36758E+00
    0.39589E+00
    0.41544E+00
    0.43034E+00
    0.44028E+00
    0.44675E+00
    0.45022E+00
    0.44978E+00
    0.44676E+00
    0.44118E+00
    0.43032E+00
    0.41623E+00
    0.39624E+00
    0.36826E+00
    0.32325E+00
