    0.14987E+00
    0.11545E+00
    0.10332E+00
    0.97624E-01
    0.96786E-01
    0.95556E-01
    0.95591E-01
    0.10003E+00
    0.10399E+00
    0.10706E+00
    0.11233E+00
    0.12041E+00
    0.13092E+00
    0.14673E+00
    0.16866E+00
    0.22576E+00
    0.60461E+00
    0.74376E+00
    0.79503E+00
    0.80999E+00
    0.81065E+00
    0.79537E+00
    0.77224E+00
    0.74995E+00
    0.72608E+00
    0.70011E+00
    0.67134E+00
    0.64915E+00
    0.61716E+00
    0.58332E+00
    0.53990E+00
    0.45550E+00
