    0.19665E+00
    0.18280E+00
    0.17339E+00
    0.16868E+00
    0.16934E+00
    0.17413E+00
    0.18149E+00
    0.18867E+00
    0.20061E+00
    0.21266E+00
    0.22655E+00
    0.24440E+00
    0.26575E+00
    0.29394E+00
    0.33932E+00
    0.40790E+00
    0.49458E+00
    0.53160E+00
    0.53405E+00
    0.52079E+00
    0.50061E+00
    0.47044E+00
    0.43873E+00
    0.40552E+00
    0.37935E+00
    0.35032E+00
    0.32814E+00
    0.30502E+00
    0.28544E+00
    0.26673E+00
    0.24687E+00
    0.21677E+00
