    0.30414E+00
    0.31625E+00
    0.32906E+00
    0.34378E+00
    0.35992E+00
    0.37333E+00
    0.39505E+00
    0.41473E+00
    0.42387E+00
    0.44517E+00
    0.45178E+00
    0.47398E+00
    0.47551E+00
    0.48116E+00
    0.47514E+00
    0.45973E+00
    0.45933E+00
    0.46471E+00
    0.46466E+00
    0.46228E+00
    0.46330E+00
    0.45380E+00
    0.44765E+00
    0.43518E+00
    0.41940E+00
    0.40119E+00
    0.38224E+00
    0.35371E+00
    0.32886E+00
    0.30860E+00
    0.28121E+00
    0.28727E+00
