    0.38919E+00
    0.33814E+00
    0.30943E+00
    0.29164E+00
    0.28112E+00
    0.27579E+00
    0.27479E+00
    0.27608E+00
    0.28105E+00
    0.28895E+00
    0.29862E+00
    0.31206E+00
    0.32827E+00
    0.34823E+00
    0.37136E+00
    0.39690E+00
    0.50371E+00
    0.61392E+00
    0.67620E+00
    0.70765E+00
    0.71969E+00
    0.71838E+00
    0.70939E+00
    0.69644E+00
    0.67965E+00
    0.66247E+00
    0.64396E+00
    0.62474E+00
    0.60415E+00
    0.58147E+00
    0.55020E+00
    0.49561E+00
