    0.11348E+00
    0.87345E-01
    0.80295E-01
    0.77018E-01
    0.76024E-01
    0.77097E-01
    0.79460E-01
    0.81290E-01
    0.83922E-01
    0.87759E-01
    0.92419E-01
    0.99725E-01
    0.10599E+00
    0.11923E+00
    0.13666E+00
    0.18380E+00
    0.49971E+00
    0.61289E+00
    0.64767E+00
    0.65699E+00
    0.64587E+00
    0.63144E+00
    0.60974E+00
    0.58802E+00
    0.56754E+00
    0.54246E+00
    0.51988E+00
    0.50179E+00
    0.47771E+00
    0.45296E+00
    0.42488E+00
    0.36083E+00
