    0.24300E+00
    0.21834E+00
    0.20483E+00
    0.19537E+00
    0.19607E+00
    0.19961E+00
    0.20401E+00
    0.21397E+00
    0.22384E+00
    0.23878E+00
    0.25504E+00
    0.27174E+00
    0.29865E+00
    0.33343E+00
    0.38167E+00
    0.46622E+00
    0.60339E+00
    0.66842E+00
    0.68124E+00
    0.68147E+00
    0.65695E+00
    0.62724E+00
    0.59141E+00
    0.56128E+00
    0.52572E+00
    0.49351E+00
    0.46334E+00
    0.43445E+00
    0.41075E+00
    0.38199E+00
    0.34891E+00
    0.30246E+00
