    0.47539E+00
    0.41897E+00
    0.38630E+00
    0.36448E+00
    0.35161E+00
    0.34484E+00
    0.34277E+00
    0.34333E+00
    0.34868E+00
    0.35688E+00
    0.36841E+00
    0.38360E+00
    0.40246E+00
    0.42578E+00
    0.45252E+00
    0.48142E+00
    0.60301E+00
    0.73310E+00
    0.80781E+00
    0.84762E+00
    0.86543E+00
    0.86810E+00
    0.86108E+00
    0.84800E+00
    0.82989E+00
    0.80827E+00
    0.78668E+00
    0.76355E+00
    0.73663E+00
    0.70607E+00
    0.66515E+00
    0.59637E+00
